MTI 564
3496204840
1299950268
4070369927
2211330429
2641931930
4240561621
2045308491
542180053
927766311
1709730134
2905798476
2054819899
4197930168
139632804
3885765158
3481156708
1651260581
988349284
2078320409
3825559787
816502834
3595784065
1710034162
1433202695
3869897005
111482951
3249731734
2472664616
3378389292
1829737489
2339550039
923595891
3986496460
2272634036
1692961733
2245995138
553817488
2081592956
1770065439
522670042
1320917365
3910233478
2207686449
2995205344
1925237948
119911303
2778133946
1121215362
2677997897
3980640058
3289451620
3384003836
3458956009
784802391
2834998397
3229164257
1769911552
165103220
4166604725
3468930072
3010599040
1162936410
1687698374
3565119519
153732492
3754749799
3245677874
3870205246
3672564353
1976410717
3155503478
3466966865
2268573252
4208466605
128345107
1201319825
1311328730
1224075687
471962757
3973602341
304790931
4124571410
145823617
36326177
151960414
1246509941
3141950420
992098654
2840438092
2431399917
121917376
757281199
1465248049
2036455761
4035384545
3512404822
2283621180
3548418712
3678766585
3070185478
1916946103
3583876259
1372095705
2600343221
3015023845
1260674498
1539608050
634244185
2914941931
354971268
4160289764
2454237706
59041546
3818877904
2838938895
2182117719
3057584585
1318329530
2508211836
2245735208
3273095126
246433705
2573353437
1196318841
1774472787
141490132
223668130
1393962573
2618995859
2893897141
484634678
3931160940
2816098234
815582481
1576791900
2675799732
2661567653
3897052218
2455772120
1289423458
1950204993
3501931072
3227576806
1577340423
3745753688
2769534904
1229084673
2906262384
2082288446
3666901252
565930747
525750485
565778946
1504606077
1557530026
1757547378
2280308530
3652858038
179028419
4230152574
4173478780
1131738440
4252889638
2772371378
778013222
1828049950
1615321114
3834127052
3498032912
1047114421
368821392
3689027796
2724491695
1234974705
233709277
3618546358
3811491291
1630158489
3687731095
2850828919
4072152859
3443439933
2904784425
309687756
4123858599
3439104355
3714986806
1542586135
1320495431
1785734828
3146287223
2051298793
2981769023
3016269353
437553465
3700813372
1160505060
2285665070
4176373974
2713550932
4038789451
1578269895
2128388628
832596355
999830584
2210677742
1246135673
714050349
4068317716
4204087076
1492722600
2400583252
1313942427
1671193041
1214570686
4276212625
3555858674
2634249745
2755267877
2408165855
2060448264
1055254988
2973283133
4127967179
3033779750
3292811021
3717581690
1693700600
1847323027
2122652610
963151322
6445930
373144867
985816029
3052736944
665110756
327941018
2576101630
2258066547
4034170422
2077587403
2634399195
3912658953
3913264026
305535175
1502326865
2404266777
3234814986
2555619077
2550705332
356377060
1293005829
3355021629
2520981032
2722222325
917649447
1474061969
2295862059
476728242
4264967670
525913305
401549336
3153338214
4210391318
4039298639
895159806
3474854031
2361327724
2965603282
1539414088
19090456
1109609795
2704628130
2953526516
3529765640
99612513
3630670169
1802501458
1195891016
2023511662
1519542232
440560108
166970920
2997099163
598242890
2701452633
1086675008
3977975156
473482266
4239725819
2947307065
1284523558
2744938658
129286866
4141570087
1878935033
3086383834
1851930031
137277574
2337371997
2550240417
1223874221
979772710
2845613822
1382635920
3511497976
2036989539
1255756766
3979538646
2660850315
587470465
1259248251
2575412700
115022418
903267085
3928413346
3789549858
1681371285
3991634687
2841047306
3069551432
3740186184
2938150352
958410982
1183196711
65767012
2906510364
3759684743
1031579944
85137853
527238690
3495790851
303546294
3038685862
1489986364
3789782337
3947299809
1781647226
4208819651
36848721
1046577310
2927046366
1924255404
3879517760
2682043263
3333486274
386146479
3864849325
2762407742
3106560316
2517533619
1936718368
702859473
1882246521
3453804242
633451899
3178290822
977401875
2405823765
1684959383
3323978257
3154973477
920293397
1757608449
1418128998
1702619109
32561047
3854185677
3095391006
4215842616
1953322304
309539493
943496553
2301927858
1830423683
713159669
133722400
68320620
2560482103
2210301279
1040482925
2168471235
3444304955
4164123795
1828041620
2979120810
3906645005
1435208707
4056358386
676419375
122749275
607611924
2018050541
3428174400
3474453928
3806926521
1082798412
92418163
1203436079
4112395649
2732941491
1910531393
1122306645
235572145
2501080557
4199658460
661607767
466862647
2873818149
844798526
878696227
1569123286
3671459991
1351704557
2887101625
3235152414
88116363
2216412261
3227393288
1478863827
2560541455
2471647972
2080246940
1891884995
2044563634
3462262538
3070861588
999647928
1201765602
1699985771
692576609
3653697347
1484599311
2207470651
2371367244
1644874193
106756304
3160131247
1061440764
492127999
3884878961
5882290
3919905060
2621726398
1806856141
1837507606
4028471076
580754486
2286007834
391040560
2053866169
475158530
576040346
935591429
2767357097
1172145276
574783649
144492245
3616858642
1353464928
1829572945
103960736
3632407867
1152733724
2737395362
406082377
1515484308
3081658089
3049194552
2072426476
610030842
3182865038
2140701729
668341553
2919158314
2812285112
2079587362
1399656005
3415713975
2348325115
1229547755
3463246348
3720638162
447247805
3797226567
1219702384
1188371028
367760397
3257290456
1126798429
3272010961
3867480335
3363135939
137482874
3457751435
542697181
3256321456
896506789
2649155554
2004735765
2310771885
2398470598
2043189490
1901625777
4117496497
1355110682
2270467279
3959176790
2044721195
2915835989
1908015611
2044517821
1069220432
1319220390
596997911
93191587
3990934727
2922503107
1254878489
927657672
3782056888
1565278046
2474070375
2564214195
1677857643
4247035640
1734764242
758698523
4016909978
984501537
1122902094
2801025297
304014508
4064471158
3893616219
2327700857
4108147893
3219146714
3115260906
2866558174
559597620
2535456422
642631005
1472180113
422033614
1756373370
2106197547
746386732
406469511
548821104
3142559502
847554630
3059659972
908254377
2364807931
3609692468
1116638312
3380041289
3569671126
1596084820
1766286362
504760701
2229326550
4106156387
1659694508
3495505011
2912632729
1570983279
1431234673
2906495156
1783985130
3278935507
2173272632
2141069527
3408734404
3352161097
3128587148
1402504247
2852960909
3812956898
3553310062
2236764255
3527422368
2577626498
4100065944
1260125963
2484505144
646727850
1788960081
1590907339
2179684278
1961311744
2321494694
3657747901
3964394400
1806279928
1139232435
3055416739
49941981
4135454974
661342562
1089014505
1894066124
312643111
1297063799
124386250
3536127563
734152283
4164003380
3621504642
1853606793
2982134703
119062485
3440800591
4112702985
4172182050
1330184412
1536082681
1724008576
1939328337
3608821266
854358801
1147023524
683400280
