MTI 183
1837968929
3507941796
4250804490
2480633385
1814052574
3570572100
2589436869
2636528416
3799117519
3720333088
1103534969
1069309506
3182327440
2082588125
949603382
985868678
2359458768
3247928768
4006858775
761256533
3578153027
2606575984
2310543689
2399574748
3761881575
1283760026
19164273
2745640799
4060907223
428412157
724118242
899602794
3324814633
84534065
2225556110
4106052274
1491661268
653399145
3280113194
3127730574
2974649218
3337431453
2140375407
291784735
2614767559
303344195
2742253328
1354956440
3914137113
651945384
12583026
4055392375
2747690684
94705829
3744315778
1097865629
483802188
3748198590
4016813506
4203019829
2421834760
3136154738
246073135
35158111
2250612396
311503613
1940442287
3092123564
3785219081
4027584464
22424999
256961102
647138982
1549093044
939818553
1917167513
3278916872
570720078
672878634
1320822485
1551772591
1792794692
3214807963
2023090830
2698046123
2684453190
2390588435
3284678616
2005152263
3376400932
1687722040
2244142227
1894999769
4183547720
2581906004
2284299091
2744549932
3019566860
1445641711
1357780366
4196987371
2548935533
3159703171
2810963980
2101383884
2278714749
2386744514
931138159
4160593947
2682479881
2143424532
2734637699
126734030
1827663663
1591870660
123196296
3907948799
2764807872
2458125802
3679359173
4006179131
1406474729
1797767545
2547443402
3873070550
2864210204
3631930270
842377097
2552124180
4008337211
1670243426
661776838
3028403583
1438278355
4288802823
3124851034
3351414342
877822261
2954531710
1978284886
26781049
864757650
37179746
3985193308
2449227311
1610618190
1081331123
1992952997
1290228055
3977116906
962607521
3053005727
1787578993
1587173307
2754289376
2828186278
2063932336
2552423818
3533898445
3638915466
2733915371
1567922339
2881248399
3070418963
1001168473
839759173
2710019383
257806939
1636296679
908336233
1696667372
709508807
3387048309
985079184
1702438916
606760442
3062857914
2810417203
3351052638
3937292818
95208035
3430632193
3429747527
946005212
3564229165
3009348940
4161335462
1792029349
2472655454
1394282298
2148064506
1328618370
140611099
3963492504
52128106
2345168270
2510937752
3881121942
2044605679
3825737120
1287378911
1433530850
3930391688
4051132878
2185061057
4036059724
224947471
1595933154
2437066143
1686396761
109647503
1773940281
3356681168
1019531106
1021086201
3733581249
4160137398
3265271995
2662620989
1790160645
1938516120
1958167827
381160072
2193217255
2977203527
863491897
2981696992
61821316
282352906
3140586530
1354946699
2938273155
1314054117
1300960503
1120977982
1007884416
438843161
3901031725
2556901614
648717894
3611031688
2960167794
602601714
1082717599
305139702
1742395522
2908816124
2831509949
3941799231
1270574953
3602879908
4234039654
1268269212
4286414126
414448298
605705025
3838487148
2090188117
2863908010
3545696672
4053537419
3314341429
3680277428
1402487763
4238406310
1457733787
3855351881
3894124960
1599630351
685995458
3637636766
970848877
3843766933
2534709343
212790482
662472693
1397202254
315271241
1391557892
4165290204
2426197094
3976194726
2045857371
2902127488
2746610487
283462166
1164565412
2042648738
3374203275
4093913588
3513950379
679714614
1967663431
677036895
1341053438
1599116418
647639129
1797685297
1713545856
3620933256
2489394630
2170674492
3353586913
2120734119
1640799557
1206539640
2563676225
37373930
865697491
2754494392
3431445771
101968002
23117898
4256589226
4141249625
3915999870
1890492856
933102009
4052604666
1817369752
2259182465
2552650485
1476470267
3956196739
2924819582
3421068757
1096398255
339627481
3816715032
444758050
2463508305
2789750272
3272318073
2742799693
3252465757
985607134
885748039
671025071
8152500
2444004347
2060166263
3472481727
3249045899
3609394074
3444253237
281602156
895781161
475910869
3652665213
2384052234
3150169048
1772811374
4155728240
2165486432
2333480507
3806952956
3163970463
3450315690
699752625
2911895002
3920287719
3416863126
4067056839
4066339274
2271169632
334141777
3371294504
1103051193
731733705
237260345
1436395328
4081847850
2369358662
893161666
1644718585
3935534304
4154831124
64291343
2502643102
4194463461
2368122154
3046033017
1173258450
3368275985
3095526097
2055705932
533191473
2678658874
3575515999
3989504936
4100476928
2092433256
1831083103
1383145380
1921476039
3407034029
1372648424
1383769732
254672558
3811055464
2219782120
716361038
3549655146
2399633908
875372766
4069012230
4127633320
663731259
680197844
2531149582
3233163899
192813027
3343279385
1107971223
3952687195
516353831
2295284498
986820544
3914071628
1234345262
393498540
2367382422
2781801338
3781082882
997687135
3137126227
4071466179
426325927
550176894
201604892
4051183240
1192130823
2385638268
1304348310
385685634
638740529
271298652
276280095
2397618660
3122885651
2688619884
3167464807
1241412465
2880292325
3073992098
1183839645
64693519
3040109826
3486010608
4223605618
1715492193
2396457508
1309377476
396958477
4231926376
3165471924
3613559912
1577806465
569096848
2141546974
1171888205
3325451835
1132886554
3081490920
1889587025
4222742922
1922064630
739924535
149941762
3480618874
322386003
1484067900
462712652
3384709266
1659776031
108656421
4028868390
1938258414
2637660176
4239719510
3350207579
852542419
138938545
765249455
414009918
855889634
2230760413
616946928
4290406573
2043308828
940256138
350442928
376125610
2955227444
800272510
3761956253
3373858160
1181550353
1032362028
3386838670
3006097623
1057992067
1731788173
1844961353
2069946778
4083540819
678221468
1712725918
1235168184
3167885928
4200946508
3940448660
2234346795
3881837163
3653082697
2421927218
2337143736
4143888637
2562712202
3881876444
4236210754
2490625392
3081946254
654991934
3041065928
3432357608
1279404376
3111812880
2735921085
1766949479
1122018423
3251670436
3915940522
3850001437
4292403574
897390926
2719786430
1276176194
1273740104
4182100725
1393095104
3931183009
633872299
2497585397
1994123909
1751077279
3466142082
2170900343
3412526554
395483723
1260204302
679378545
3708722738
2561424734
2569071768
1238002126
4148251477
2565796727
3578726887
981229692
1081601652
1432134392
4260303850
1217851402
2496586715
2460005876
3859519767
1550734698
3403174318
2995277283
533665256
1954100027
432265432
3196324939
426537953
3375564249
4268434860
1706140507
4215635601
4099819024
3219055907
3741455480
11754460
4189185444
2749327725
2967071547
1438630039
2403630391
2104154717
3570278693
2002032498
1705307722
259499093
1482522260
259858207
2267791468
632732299
151235449
4003837411
647355925
1064996559
873446572
1553952467
1550143874
558351960
1195362254
1715697749
1785417042
3956921743
2247422675
3568054090
1233284133
2028045337
2672118960
1781284106
3255846341
3314765443
4175142584
3431192547
983763114
1117336612
2428754725
3409716127
3189691431
