MTI 596
4056810161
1841027791
503543824
4028830493
869831996
4282161696
1477290900
844399990
923252569
354954781
561488125
2814674820
2072732975
2312250604
3440105593
1094280250
1580578005
3187386190
2286950433
532562270
497450997
1874098032
1878806343
2113049440
292418012
3334305617
2061310279
3956938785
3090268781
1647885601
108198693
1630080844
1061903490
2756730483
732709391
3813383903
2653550966
2328476788
383371428
1902605075
3690525198
1236608407
3809361460
1570498440
1933124011
1775665891
4170166769
860007073
2696844493
1572175555
3541056156
907343414
675496375
1416934648
3401750108
862352963
912025221
4070517268
169876868
1283166357
769633224
3755880800
218262570
3569165710
3816702286
207698807
707915465
4153194580
2786967556
3551435077
1181041479
138915635
388290679
1411236671
2538467181
811115404
3453944628
3213833058
358509725
1785198721
4224796850
895936192
2891190185
4019258966
1198983667
1955597007
2958902819
856793867
2312748321
3704196314
3880324137
1769901958
2442030035
4066189775
3703915431
3328519251
4019999792
1555110787
630309249
3058162057
584398382
1245818188
3548030415
1451781014
3927839193
2912375981
251394998
2793718098
740038595
111383432
1509815660
2838615358
2119353428
521807342
4127328637
896794835
389849740
1099880960
2090163989
2848981959
2866511024
354840947
1156681420
3867337308
1504219421
1971037505
3300561101
2805909581
3918825375
1349021570
3199795953
3891151153
2792837269
1083332378
3488162102
3695693618
509511965
432257347
4102135953
2887646251
3155530811
979572566
2395243027
2891112346
3437430636
747992454
627869151
2471922968
2046544428
2540919507
2828381862
2500861188
837233821
1278561515
1509711669
2977358518
1384939851
3664839897
2667333142
2393089165
62114090
3713207832
1819639461
2116605488
4067804428
812313272
3673402340
53683613
2516806278
2410038447
2726456121
4110949922
3000056458
4265508810
1404379226
3913501481
1394212728
691681704
2238995419
1063156093
1745788129
2512943481
3775345448
1055121111
3681177189
2594701087
545301661
4123526915
1983638097
4100014354
3768963739
3057633761
3897660332
1084904847
2079002109
19687267
1132201847
1113964939
1345263835
553846652
1203081718
1478500998
2263329113
1394025144
2872134789
2192715036
1298093698
2287004714
3049234529
4056945711
1582710558
2265946434
2995418770
4057953152
1366419850
618184596
2390053476
724261432
3846633595
2932536883
2989554434
4241006841
163293601
3578533870
280925237
620695553
2658744466
3964651995
2198294778
3024558328
3768460336
2141175262
2795628395
2797037744
4087173167
2653438137
2837018907
2140040734
3040815404
1511259771
2234105101
1949089372
3184399708
4045158867
4276045315
3666136218
3464217448
2984772631
3679494663
3929377722
4216039972
2472891529
197705102
2598559110
669368324
4007258781
1635986816
523046370
3925935321
684317512
1408734558
1475717710
80731049
1789184810
2322886954
3092516782
1945008379
3269373823
1885281075
1528719936
3386724213
1069678985
415316520
3585728181
2863667464
2237161725
3188215014
38859720
4272227086
3556769509
2269164385
507927952
1305041069
75226378
1225880639
1564101484
2888797343
2539625707
4181930116
1860711691
3299620377
2038778756
500796417
875248773
2078730381
1475006357
2103582453
3577795660
4115894401
974164182
3537505147
539426833
1556062879
779500171
1911419768
696031469
2316096754
2056994560
3652133751
3561704069
2329245047
3633391701
2281996025
3463802807
3098522388
4015288107
56765341
1155080314
2792909868
1733670160
4264064939
4249110989
946627388
305849353
3241442590
3896001682
752454390
648729945
842033039
1288092402
3816695159
925579705
1198760712
4105684390
2847077638
48987323
1942397553
948209750
2235509591
1618639255
879331774
3264849404
1106473024
3094609713
2229776062
2899331081
779959350
3794684827
2658554757
2757154171
943582936
3940862356
3348359539
316342524
1786303333
2063773670
1847333550
2473654040
2951724513
3467941469
2488823238
4139719450
219723324
2247106536
2096381062
1124774665
2397121192
2181295984
277420970
584030933
2581903830
376819247
2135346454
2438434399
2138445073
4020617519
4189078717
2396670761
3662538480
3687869916
3855881727
939496686
1203395932
3226827699
93501786
2520447787
881609034
1166008849
817268790
1925042885
3139542806
2097061170
3573923934
3056947888
3060298776
2944356193
3976832301
1616944617
2320783342
284576747
3803643351
96103578
1809304886
924438809
1267367823
2269395149
899178793
2436533105
234439180
968875917
504359153
2010328866
52264412
1508513774
2689428319
1037637595
3013280115
3433814595
1664335750
4259072482
3755382192
3060023751
2053156949
3674242456
3558665882
1164465772
2184995437
2631939064
1388178145
3972037350
2809698260
1425362669
3706507470
3542229507
832500787
702334066
4123275578
3088200439
2470611290
1969834515
2444870264
501906362
2778800873
1916546420
2396553649
1066469655
937361871
1704106491
1563427929
212994113
3021170413
3370410443
2752758708
23150198
856636713
1656429498
776696251
187710412
2202156103
354416187
2704545314
1574402270
678738233
36629341
236940443
1883918709
2243921087
2549636138
1718351173
2274625273
2542126957
1122308050
1878308720
4163610129
1199517601
3451668329
3555985109
3283467756
983558164
1184658110
1024648056
3908880546
1765227493
1336863778
2381859095
4015783018
2870136548
1578583238
3523911792
2995477730
1808220223
579026828
1590874533
90651586
644852025
4020974444
4127204665
1487972500
605262490
2466103039
140795044
2421810262
2720879268
3275837330
4022058892
2676224691
3235683378
4223773384
2441207173
1002279776
2171441566
3534913217
2425033195
1432760210
3054341753
3383928383
2815970254
2489332933
3561643473
1845269299
1530409922
4179357156
3607319362
1566107982
2759225096
4009966503
1074809055
737523663
2925901398
3598166825
1297436590
337829864
1136633288
1347730293
1102447479
1161773906
3636694793
747161357
2244199563
1445843338
3257917425
3439787896
2076414157
1172664461
1657658282
3977319212
174892940
795323468
2622897943
479414441
1240260315
3238682636
3669701564
1462128029
252287023
3115279693
1954742970
4155047443
3305591766
1511505034
3049616978
85357310
508219240
902939932
991874447
1646239493
2245932891
2532976864
1044534727
4168234676
1289691213
4073314311
1012506399
4273509449
2598309914
2318115953
3592931516
707557422
461431137
1381313710
1179523934
3931994771
2363685131
1453177359
1180799172
627519619
2912701247
1226543488
3716423281
1132642391
1799111098
3941953375
95938055
1748715867
1188898320
2610689100
3197827634
3232576992
124967043
3424352488
1978051026
3983841770
1340698386
3659479147
2032459400
3072830745
3050969255
1351474078
2116892294
3714086230
1845736975
3056900862
3055341455
2349626070
1478872231
2796746186
3877857290
413190776
1647010497
279326278
1266507141
3664586683
861611538
216405162
