MTI 154
3256056555
1990905673
765679929
2597030188
1909667199
1972557253
3936224074
912597214
3877104913
3904318769
665912327
3801697542
3808230211
1279406022
422635578
3339356795
2121311174
1433885463
2576565840
2222663410
479789698
3511991313
1762062780
3914009506
577746592
1713542781
4059562554
1073757749
4158229461
3940658890
560328463
2846492066
1583027167
4239150775
1413047606
37993506
1325368547
2969763534
2913789045
3835179540
1271513314
738798636
638876670
3004350565
1255010104
3086990113
3875069196
2448488212
546198435
139429862
1130052047
853193986
2604222810
2950429596
3800394863
4146091998
2287669916
3340191383
78850518
2985195534
1690585234
3279216598
144501671
4254919339
600213976
387576590
1055653381
1693002713
2094617503
919864270
3609819702
2988574682
21083681
17104260
1073842210
1043640416
2259972196
1004565162
3127520341
4230773471
1844589007
3700623228
702715221
4125937656
4110396503
2120787661
3912496239
902051240
3306387801
166422403
3020090003
3297845906
841769651
1569954776
2545972002
2823344508
2167785455
806936795
3746558087
4220487933
3403022318
2755166606
4126288686
1847869535
2743045901
3540270355
3090254765
3288252800
97248153
976702023
3504746677
3808680092
1943821315
1625265518
3372230747
1285481988
2445340647
311722305
4068419266
4086949428
624252829
274408500
1608984781
244892760
935733165
3219626553
2274750799
84808194
3577769798
762655061
120081378
545134662
1022473999
991941787
1165917512
3150277739
268068490
456193152
2084818373
29630325
330561430
1189080675
1101290771
1294845434
441481011
3619436697
1619084154
2457535748
1321674672
3028753328
96535099
2089540897
1509699232
1630254115
2186009715
179252579
3810862479
4128644355
3699884546
3596946642
3393686401
3046693093
1956183832
1271055796
3621280378
1934330132
3834871258
2372386136
1455936437
2241874542
2550195593
183630585
2231207320
690489674
3915760701
1742455797
567199359
2787362061
3712288329
2977503046
3815895477
4056946731
1394993729
3862745751
2932550052
3024980275
3650467450
249046089
4294785045
1751931476
3357346959
1056988173
1925397071
4246694521
534807256
33694913
4149384177
1034301586
4234135766
2640426672
1274479664
1474732777
2927366859
3139854318
3534906344
766887147
2797464022
1122620595
4022842551
3908144504
213197975
661179670
459094473
2285389906
928868853
1448839738
1247202148
2467835482
676153908
3457866051
4181705597
1170808313
482071627
272711191
502096025
6416680
2675701974
798888882
2715388543
3064699707
3833581344
3666208547
1261625646
2268594477
3276415410
2036977607
1678493458
2737530218
3837662739
3145029464
3281904171
3945845379
4239998259
2169305682
659557740
473863940
1208157744
2666893720
1240812020
305940105
3548818149
1598337992
2371447924
761028499
780629772
448783611
3272562565
2818890939
3306808313
387771411
4239297103
3904622572
402984760
1830333185
1669597849
12935089
1885159618
1931555276
767468699
2125641023
17899035
1951386866
2464770139
1687163063
725659711
1866765652
678355668
525682031
800558272
1041341622
775530875
47216592
1945822415
2658728165
2338475164
251905859
283670924
3844860821
1386358577
2714935801
3244466853
4127806743
2018661637
2056467157
83546138
1587012580
4230973641
1373403462
3888901738
3019468006
807226547
1367125132
2946631628
3411368679
93362390
3273681498
1172936232
3350018862
3927883390
3964872288
2497240774
1211843621
1545532359
3265706472
3374808314
2312311457
2989662914
3936746118
3134502893
2382104768
1698881831
644070491
3730093099
2169604059
2178444348
1587133010
1501512739
3452230623
27608144
363048090
2070853704
4284938122
3566971085
3679152170
2571978662
2004597381
837606496
1398529886
3138870052
4258193477
2453883308
3928938169
762766576
4179949348
953206660
1695361988
625034691
2787342510
2391521872
1718438680
1771731152
2919452102
800903773
1932807363
1250683707
383681574
998410782
2944497314
2794124949
3416525878
407371397
2919769681
18346965
3021189069
2350495274
1452389640
3376838626
522975611
950614098
3232054719
3014050313
3778462977
4256637605
4121284919
3267641524
4076403089
2846354387
1722940181
2487160750
719855654
817333760
3504058965
291934944
4105284130
229139650
2369367432
2464390947
2485790795
1017517539
4009462489
1636266356
39783929
1180726835
1887499729
2883557856
962854106
92743766
4020477541
3281266884
2243738405
2436594844
1768684567
559105196
2995726692
3491654521
2514560671
889232849
2190991282
1683340954
3382749652
2935280281
2667266373
1079736004
2606222763
1136349469
2691363048
956486918
3510160353
1885125654
1443063501
3648997971
3775738584
592630252
3396811515
2140241595
1555034407
2235651452
1637698323
2557507198
1005869987
2354234417
571548960
2367271003
4001579349
305830235
1164047430
2154989504
2353809110
1586389556
1580789860
3142434243
78104656
1543067163
1024275604
1524416014
3575405162
2952582991
1851530695
2231377012
1209246325
3147169254
4201294718
2454252379
3769381931
3868329830
2530800972
3185627338
1567702338
2199514974
3152137945
3942266947
1450574989
3149221124
3715143737
1683403879
3850007406
1288539061
2448737566
2593892707
985663081
3781480491
3765527808
2624467609
1722880532
2217176495
2521122717
2182682938
80593814
2581764072
4129115945
2491380749
3943848505
1803985434
1531988934
1361489792
4204433733
1798350410
1257884424
2937080432
2197958438
1400437124
1076343972
2302388292
613986504
3865917439
4050141319
3405702264
2836725341
1866819180
2061636999
1838654947
1784929756
3739279805
390742493
3018021035
3055350613
1995491480
1788885458
4075871419
3417821968
4000518502
1374318506
3047758036
2638913505
2493747315
329906953
2044809346
295118939
3282760860
2152222588
2651930626
1632751292
218665347
1168646257
3720900348
3861322186
2453301206
920737160
2372354704
2049251226
3433441820
1795483431
27187755
3835050007
3963687969
3180039562
2664616459
612090417
32585483
115290920
1322715112
3855123992
68711526
228788169
3042551904
2254526472
3199522852
3713515666
1082702950
2619139991
2178619042
576263009
2675095138
3607823877
139442423
3230269555
215969037
4060551957
652998117
3944158242
3102726458
2216416165
66132530
2982433353
556026736
653977802
3413688691
2708795476
2013883131
3040987037
1246030729
861052952
514202876
2566787924
3094097268
2965934625
1048324329
2993050803
2822602584
2640864451
3179998967
157723709
766804746
497271916
1619689039
2297849595
747336596
3359975945
997090061
1767112014
728423193
2136981437
2980226587
3695518044
2934949222
621630384
2985389623
1883995592
1120978141
3128784563
2874967392
4239977833
4154400617
1867683424
2091797149
2479830723
1911304526
2989352907
3016822665
2863718401
1227568999
4246588656
3523788662
1958785655
3196085335
3746746998
563016454
3198075432
933950711
821646018
4004392474
1935516146
2162836953
4253427196
