MTI 353
2868268789
4221046663
3695509237
3943725097
617784913
3476084439
1463733011
195404956
161423010
2533637007
2001101070
1562794616
1209770606
2588504934
1398263120
2177144399
1480913729
570626046
1335965966
3220966843
157482496
1019708429
3994044121
4009681804
1800868664
767697564
345722807
3597681119
3193736616
4017483772
250115602
1717085724
1669353593
1234775152
3495148321
3506020540
2005515991
1827010481
3413462603
2326070983
4040841005
3615381879
1461299943
1745115351
2879782489
1335510057
355250717
4127163177
2136009444
3984469373
1177491441
3714859074
3094276716
2262270528
1956890958
2519662814
873086190
2077423711
403334419
1145132146
2256372428
2390074297
3356273987
2504178009
1125424182
3969918428
4205266892
3676937590
2568782486
1124514675
2630031040
4029327872
2628635352
3702543171
2664691758
2507382909
3794829642
2072068168
3476768384
2955072602
2743933333
1096902292
4206113724
2465730855
2930085025
2027630614
288594702
4030376823
2886852754
160761682
3033493603
1651951888
3499222641
2710677572
327081148
2859865494
2471990695
1130025377
4162507218
621911796
3345620280
2734828969
2907140500
3445866368
3379854987
3756585487
97420744
672961183
2652210039
2002444039
3334413981
3541899754
2313154366
1669135051
1393657425
2175072983
3508078043
1037452540
453480545
2176378602
4101650848
1739128640
3382636554
2003240665
1537708003
4094771622
2425489636
3138283752
438407139
1688982245
2713290825
2028735995
3297344859
3309036361
4028795913
3890027870
1885484480
3487087919
3978264550
3451932379
2372899047
3954349608
1309396928
1245405890
3427584479
296790182
760667964
1928129363
3458298479
1423458881
2083615477
260485400
778398454
476398273
1853650998
920691707
4027150567
1473170026
972831236
577842952
381902813
3804168700
236729374
405329151
3711602442
1227601232
2120223296
601905236
2438770227
4132133234
2746678485
265843468
2967352945
2522055861
884988261
3662293553
4166644203
683010112
917799188
1058611212
2095004629
1439869552
2830799373
2524969329
4002551516
3013842540
2607924356
1567702131
3304123828
999770570
3627332264
243016412
3859589226
478274865
442720538
3649943375
2253662566
346442607
3108653817
1828828622
2254686184
1380738091
1204765934
1681468656
1743896165
3776189305
139488040
2742722248
3237398649
3600018687
3865883945
2310005721
1110477262
1787514692
40132842
2759009909
2617275958
349748126
4143126035
1950460390
223000795
834159420
4275756260
2059516258
2595833679
1496956434
3184613963
765625353
3517394606
1646422885
1248536891
973834561
3889684552
348601979
3359309027
2106215351
2622728436
1703340836
4192090649
366518057
3131245858
612860496
1232737833
2037399340
2355949211
831396591
2333960735
3359308311
2356549168
1359473297
2983572259
994815981
723496842
1153347681
668948625
3241346881
4160692694
3949712071
3501691496
1130948685
2146420571
2905311213
2641080399
1340556863
1065813283
3423607607
522439901
724774650
4289505267
1555220519
3718589806
2037962951
2363611294
1113842078
879453878
443775757
3897319605
3991174473
1574926333
2238131869
1329784201
2434010395
2912042826
1263652182
1673626294
2199673119
2432469705
3739114436
1260057702
1955557945
853012969
2805330082
2990008087
978307895
3290955328
2822444648
3561727572
76726022
3746141564
2118721018
3838477128
1896187017
2171365760
2460234609
3667394823
3052206920
1069602673
1121446529
3425331144
1385112851
2634379168
866628700
2836132793
3018747998
3024091833
3199613829
3315048683
2295472379
2134011639
341515020
2543798975
2591266533
3813515103
985926723
148897884
256958793
429616650
446292445
3187835387
483954259
45095956
487213566
682622002
3413155198
1294206299
3619915634
1457654377
3673056710
606875517
3056415001
2489771284
2429325797
944690405
2725642378
1570693085
3246813990
2499540785
1792332080
4272121594
1626756606
2183899604
3416284347
3920428336
3981446280
3195034935
3959853042
2415427933
567783278
4158100772
1940004515
2796504308
2215173464
758887233
1139666691
3487545553
368060684
3432836525
4163569612
1368447742
1584540745
2079723804
478518769
1197760371
418788117
2909704104
2437491282
3204851297
4056437883
1809880050
2473302337
1624887012
3694210320
1271501465
464402348
2597693657
514175604
3946459801
3767462502
2657798005
2982847869
4253175198
3251096982
3490750244
4003465739
3637595181
1468758794
274230306
3314248577
3482494443
533080231
2839085479
369429063
2158342140
1736280302
3633377174
2771235705
620591986
1847833371
3683702228
2268927521
1664095938
1068475451
3750527665
142171490
456850903
2753086254
3107973870
3512044958
4011598812
3944654717
2491823664
2596335897
2826312380
823345497
967745748
1389590081
742971403
3956605893
2940237928
747166889
2425404834
3198828242
857293522
514569394
3834728591
4186722221
2942125426
1217531514
3369752278
2024066268
1309640034
3126523840
3482679713
1526776816
1899175180
3917049580
546437198
3235363543
3881039163
480373786
973583908
3292686751
1833197437
1631805583
4285295652
2110558849
261950138
2865574454
3972770718
2859256433
1066075589
2650396378
310599004
203689903
3384114735
2825293055
425413078
3702847846
493099800
932685095
1422193629
208760255
1717809904
818890376
1022250726
548897548
2292374768
3636227283
2861135422
957942367
2229532833
1685360541
1121612427
2833572772
3995802158
1715469777
3452526870
3720161988
767745198
2707201423
381535269
3043783835
722057717
2296092169
3309530241
2803789543
3049757182
2798317219
2510721063
2127658187
441877695
2357069661
2323040934
3452322671
1800130095
1571420089
2850610158
65652349
580539497
3470826124
3975424126
3682427451
295739979
252498932
2931099039
683956035
3077435904
1463851874
696345346
2333632868
369064715
2619891002
3275165670
1305955023
3472440850
1802508614
342869784
84812785
778421441
156759075
1350959306
919511138
2598999422
3468383517
1659587906
2295314991
3164310808
2053160348
489102322
2732832141
1800523184
874287519
1034984623
2366603524
3655339047
109636502
1833062779
3790948245
1723322179
3848542622
2882976270
1164367827
1884072304
1853351428
3650834809
2066900515
3180803162
4107735023
3479789247
1634466359
3570056518
2166996268
1754402167
3630081337
3180870913
2896317414
2045367198
2403368773
3559749699
2444906327
2525235296
3773622085
2244146577
2126207106
1857439756
2822941138
4209603769
2204303598
2583863033
3889618702
1808254310
658177611
1710704361
1175113617
2047544652
112954595
913399384
1236413219
2119097307
1127205945
2531963775
656249254
3115159949
639412835
3179555766
3250099370
4073991488
3638336679
1805080043
3563497464
191282445
2744656668
3065238516
4166986703
3161068334
70257868
3471163895
2726436079
3984501525
3591058305
197807206
3667271440
1504331177
2304473303
1666867227
2608609052
2766806584
1355223105
3783780864
3609830405
2302406048
2213398228
3169199954
3693869959
