MTI 196
2959833809
1710313475
4035309092
4226304727
1702222392
3901272828
3754166734
829982189
655424489
1806920097
3959890670
4041303813
1700093534
926619044
3664239958
4552184
794919286
228719563
1605653896
290995022
850292054
2733951185
3361329667
2825853170
2836437542
2892738612
3480763706
41298058
3925821318
978134672
1473334998
2903668527
767047881
3391142039
640271089
654397667
2954105755
4231914875
1449946379
3306966765
3870131251
1013069104
374222856
2112126630
3175199890
493868244
4102462971
795257480
2867861496
3759849449
3347971518
3308411536
2126336042
931701974
90937194
3684949601
2728227217
4191838477
1815216278
2164331022
422732483
53942752
4158889815
1745628992
3932516588
4261632441
2431627596
3118308743
3034179347
263564208
3751331859
2332831468
526894108
378683107
2459950711
2009673874
843990879
2513327349
1909814516
1750166313
4005580525
414387544
963525671
925947516
2244926384
3485164117
1907929532
473231514
4047374497
1099805250
415805666
1289985490
2108213776
3317052988
639378627
2921010096
1822924566
2771047787
1907008989
4025464512
290020690
3035970756
1048312704
3003803844
4037262954
2656065387
2864911803
257308380
399244539
444705716
4207725946
737596680
256251924
1134942315
3299676217
1585445247
2961340716
4254544327
2760876815
3128482806
349057068
3974180032
3410661224
3099724056
757684600
3791995828
4181582274
3053502136
62172528
1221473250
1823783643
3809612156
1224878708
3426905784
3968851292
1059829594
50832910
1302933811
645733813
4205124576
4214437689
1467179050
1885290076
1724582102
3995073188
4051085139
2339532004
120372571
337602614
656059498
2050227879
3153681517
46092665
4170293415
2775594700
3722093535
4254597877
2310356932
3799428792
1997551210
2244005951
403404529
1698575298
2710537546
3170434562
3900575826
432375034
329388783
1484437962
3412462771
2326021871
774585096
1768994436
1857554211
1072639359
643990294
164521598
1894203523
1160837285
1562687791
708833202
1728920299
954520268
135864997
663865340
1832087085
1627892085
1564028255
3235231174
1222706741
4045977708
3261880878
776627379
862265708
3882553080
4233694139
227925602
2313387681
829446629
576716536
2348392412
2133695502
3684276473
3818773763
1753774698
3644777408
2571623085
2939765910
3992664427
2244105716
1948825146
773710533
3870192003
541504606
1968279022
1815423985
2200106820
3142629034
886765838
1743092248
3249079204
3937774957
1021937042
1116187301
936775833
711572688
339166643
1080564572
1709000637
393596173
1385905714
1752681824
3804599239
866813718
3243861201
2894299871
1365369143
2237146296
1230135615
2605714276
1008857604
2354324653
305486021
1086630347
1161857740
3065565776
3955656037
3556090690
1717901359
1928180867
2835509371
2292120474
1080321747
1262507357
4116321982
1629293006
619719979
2338329830
1879167248
2796593010
1254614437
3473484973
4262276889
885805930
485241096
2660963575
337166839
1793575508
1168403721
1072300480
3579890226
182440516
1451308655
1870138761
1093670522
2741260016
2557785769
2398509075
1535069893
92534970
503485139
2045560785
2057185661
1782348302
1016559581
991556600
1942939757
2057350939
2940508603
1811099796
3511282735
704871016
2621807047
1537498026
4287530657
708665846
796240577
1785775678
3105374931
1795880206
1283565557
1853725629
165918926
1072109949
1911567485
412348734
2264468567
1815897188
997787588
1723478847
1230221407
257209597
3895879460
2242828530
3500909743
4036418594
2146466244
4287656409
2750591328
3824198971
2888829735
3062211453
3422067071
3218339698
2275368742
2297748613
2678482654
652101678
657027920
89063289
407917650
1503553567
239786272
3500905247
2794434325
3176288228
1721194480
4241643171
933969358
4243714689
1435408739
2947769757
2445123535
471524149
3486598136
301336188
1703609794
846276627
3071580582
2249945596
4240089853
2215700891
3389135422
4284419077
2665294871
715958492
3827614838
3999496780
2269442322
2419155152
3131179181
1663271686
2502889188
3165774613
387114141
775342919
2028414207
3703442654
1118589943
1649884332
3994471894
1495541745
3895904225
2767742587
354651348
3450592813
3319467383
2681137742
659708357
2791356964
2500990463
2838842510
2725593042
921861421
4221275590
2407093160
1416766801
2379732354
3368084780
3968663520
335046134
588260455
2306083951
203017958
22650809
1630713349
2887066882
3448603109
4155838564
157863260
566051804
1698678347
1846436581
2015102048
388013177
1351112937
2110267191
3932369649
2030861680
1818487865
1832848721
1692595321
1539837831
1565298472
1883129984
3906035199
3726036259
3417989542
3417430830
3426113859
2486229109
1376364955
1678418523
4083994805
3122138711
4158885638
1151376646
3324213616
2234592707
2593279233
1925673553
3779379300
559234488
3452882000
3002669453
1511788270
2665153735
3320166192
1116087706
2491085387
1620114130
304443036
2401758785
2037615256
4284001469
693369773
1640265864
1067771008
3293955020
2498764171
557494864
3859314569
900652745
1016641758
589347110
345734274
3940495289
1765227845
1699495606
2761579822
4233246888
841672584
3592506254
3190418049
395101324
1244640411
3774529613
3326332415
3296410951
3991661443
3670988873
633096939
677629228
3921101377
2050016303
3629074768
2668973017
2665154461
2323753853
1117757451
2877480341
2722780550
4081290223
3853221441
3768642391
1894846211
1355105877
1702012923
202585796
764208205
2469701833
3693812019
1479136414
2473202396
794672505
3514875269
1509014638
2160791013
4220428027
3745180209
1612818620
3494955047
1511981676
4113682812
1101999677
1320875877
4266348991
2583394622
702374901
446915003
2552280298
1545368638
3801432123
4185761312
659594092
470137882
1966799155
1132137161
1076436240
143647180
3274438895
3226403335
1465380644
3434246438
66498835
675057231
300266433
1278312389
601252872
4133029205
1793891752
1012778487
3491469861
3679369801
81979468
2202002003
2731941469
619393201
1938378841
811463463
1322191424
2060560408
3255113737
3738810792
547400608
3743667661
388115920
1680094125
3647089007
1087437830
4260505874
1304300147
3670379956
1014725121
3416831242
3591621533
2617474663
3074174393
3693933185
308599636
618864791
287652886
2826916228
2621296255
3026105525
3523059977
449569051
3619725829
367775998
1921606890
1016946896
2693013314
737676554
629945953
4095108420
2366525583
3487847916
1318726826
1042334675
898810815
3635980610
2527727990
1719454014
222770546
2145693216
3864887946
3653412187
3489561689
1936679698
1652097186
442012910
153687514
2080193509
1623996427
2290055688
338398728
59163987
2596420906
3943668333
1844110017
1543037137
2969415861
1219038000
1110524569
2203895913
2765535531
3203270273
334760260
4048640490
239735694
4030318772
2571001248
3093575802
3349312131
1072103413
3165134236
655854749
3895840
1510141591
613442697
1818286393
852265918
51633146
1831348405
