MTI 150
2232443268
455847876
2025942574
1466796794
1139391586
79614652
922568028
1289658273
3304501173
1543802753
3360350018
588898711
1748346369
2741380462
1056062071
4137608049
4094323886
405464984
2177062229
1518072041
3052915268
2602635730
1905928942
2298120537
485545183
227272449
333896159
1649332007
857682350
3111339615
415795483
3289360801
2037941291
2726823862
1088563443
3684690473
3569617029
3908679317
2035702195
3944931018
4131729252
3514440045
1635446827
2209932134
780081211
3067780913
3082780915
2138116050
3413706164
3208623590
3046237977
4028447842
407248969
625785774
2575334012
1386980767
1538197498
868380437
4262132871
2681344194
2800485625
3717556044
1630348900
394322426
483012492
4156760507
3786484825
2384292774
2240039655
3432931930
1766195517
973602189
3723339696
2448806613
4186603308
1333697736
3491385883
465317048
3210766385
3234197343
1466935078
3891163464
3999125921
3641789190
780147138
2816367215
2282379531
1623378410
1865491868
3452780847
3693095052
2886085254
1605775149
3760164986
114640062
2251571291
2275505058
834991142
1499543577
3206548025
1025212354
1092521221
1105825710
2235726879
1901560209
2668634731
667586862
1354875654
4075125732
133435561
241367821
707125049
221498969
1453243419
331329840
766416681
4173131501
4264863785
3388093804
3213079386
4138906941
656486378
2984224689
595904184
836171258
976318703
1606996201
2993526906
752080630
1082965911
2635238843
535552457
1313363329
2824042456
3580139290
1112245419
2842037279
3212122479
80114642
3571331282
2462051104
2910620632
1967792258
4046997814
564467587
1532460565
1537635294
1571794754
3250992772
1846704280
3594950079
1698450912
3892915864
1445307100
2958482569
1907787724
1771299732
888507535
3520700986
3521543758
256987884
3720505623
2633480753
1898731080
3011096799
2207352265
1251105409
3728208661
4288471894
3889922075
586655275
1019395632
2055157888
2791163889
2623971911
3223538603
3562589772
3231379562
1563409597
2569667891
3755740252
462551088
841078511
4141949850
3349980095
3499735728
1170441438
818950650
2133860584
1431882475
1879870303
4117594148
800375257
488381676
155398935
4193469318
1049232076
3074934445
1027042489
2429049062
3614563464
2645828498
2810587354
4076196016
4254595257
834445139
2360885072
1787008727
696827869
3945249100
1946273813
3575480811
4221704212
1501177410
183157600
4288368138
2538800223
1617237489
2956963824
3320298906
2210265204
1133358089
703381614
3091718481
344647717
2410482755
2332423832
1191226417
2190853173
2742222836
871438352
1633981157
3765073472
3212603518
2487180524
1849020973
1854011573
2561313277
237169466
285022561
1669446452
1503294092
2982341746
2053607839
2529553883
3732890862
237086499
2706576943
2720063644
3860203211
788114797
2153744622
955122947
3703243244
3316033183
4180396749
1170673291
1060191617
653799194
533582230
2529913215
65628156
4278738007
3027157039
2061804452
3085439817
3643647337
1506847841
2671826855
1392845558
1408096924
3653240902
1247175763
823497018
3764656951
3353613883
3071193027
194848586
1584705328
3353547652
46610998
3755802846
1220337935
3394644880
753220573
4166231935
4263949164
1827766658
712208453
3082936648
1092118395
2666735714
1908816849
2108024034
3131982362
195016641
2348256528
82678499
463701959
4189349108
664485338
188912941
2618496396
3378508258
2058666973
4134227689
828064706
3142286388
2369844127
2956615685
2405595917
2610710099
4022716419
2945452768
3027403641
109830126
883107404
1215683718
1784710193
1351892178
1393222783
2542006181
2992942679
4061740955
1929375855
3692577277
2205240770
1062639910
3667175895
2979461627
3369385929
181885746
735296828
1393332990
3066964693
4016829019
2519869665
3018834810
549279326
393215234
2273257887
3598666803
1365231852
869744711
874536273
1693756646
1587999419
595970999
3730450267
1665423536
255462763
2030765869
2464453824
3307989161
3753933216
472128770
1130429911
4066781345
4271758374
1492764056
2013473093
2354463511
711608555
873597623
1057090859
1572721536
2118994332
690107573
2384701876
86620203
490819606
1602915650
2931116391
1277743570
2045676006
3555699752
417261747
4062060790
70770096
2131892028
666023387
257034016
1358273232
1509217889
4070565689
3100842754
3676747868
2594562757
1865811989
1077765146
1161393132
3913241320
978656204
2344262714
3788834255
768165301
2723789363
352707475
2135481964
3057025175
1578645511
3251302376
223022092
1423712350
3784745060
4140195836
2445192920
1276264369
3670742487
1713964657
4220889417
1959512652
195739412
3321947219
2662711960
2156683206
2160807906
1567607112
422458353
2595113394
4000222377
2084933313
1203730370
2743949150
854619475
3902021628
2364395813
3163676040
234159172
2724256313
3571591053
2870593882
1743750213
4252121881
1933361870
3531064237
2536838504
2789100793
2876405883
2570702159
2700103769
455528765
1269308130
1032790062
925988283
3710761275
1883613977
241458251
1443238158
2067292602
1884735276
3353725588
2876565509
1201185829
702539473
3811309908
1039645213
2642604955
3751946024
3597629863
2884293300
1000764708
2963999349
2438623345
3207061847
2113254296
676688176
1664205326
714530451
2298074779
3617700314
3436116566
2684927596
1977120536
1149432979
1288982244
4021741751
781818554
185818694
3948993582
1665855120
847546846
2688398729
3506749225
361739719
1647991404
2154330329
369001165
1868745678
3962934333
3620840839
2130758482
677546906
1013600603
3016208772
3112563251
2831406389
1817652005
2592688873
3908931300
2334238122
2159719610
2170896200
2366976745
2196535499
1463443842
2657413009
2157142350
1658820310
1205057557
2243798262
970353345
427479794
158391380
478207809
2836762355
1892212374
2423451344
3992040394
3240434005
2658508351
2364597305
3648943724
3109440186
3517630504
3484171894
2405089446
4228114099
4287698803
4049314490
3654906153
3703096099
1198003472
2366527203
2965178204
4081706208
1270231149
3616473349
1665499629
4240019176
375929214
943441970
2364247504
1680669912
2892622754
2905049149
1906508449
109606737
2421176000
1971379123
3182711561
1846440504
942873372
2338927066
4024543703
3755551490
2024500846
3591010116
3562677865
505360931
1977525397
402935648
2808743787
374046724
1094746131
2837947978
3921608246
320236378
1435195286
4129817975
2569196602
966371782
4150131016
1661783705
1995308212
2690336761
2289987898
973254122
1034823690
1878857699
2186992424
2397387693
665629744
2297603989
3947783493
2593546704
4078796324
2943763207
2010746241
1236236618
738857634
2839941543
673895909
4009819020
2086728860
2436840717
1280274824
780584910
1644785753
3168383341
2929278807
2037609767
2266321085
2641169055
207730664
3243785178
3726359291
3425016091
4140352392
2327183245
3783425769
864317056
3330227889
702010838
2373655482
518231364
1443192309
2265208656
698776200
1061132438
1784879509
2088854396
440456011
2698087153
