MTI 329
4066195753
439049807
131456380
1838792629
874891486
538234415
4165843786
1217346912
4150081021
699706869
156042712
3087824212
3699452101
3998945295
4049553562
3346640081
2983921149
101803196
399810723
3535534329
4216267478
3096975147
2644595863
2357547024
2178529761
3631401520
4289037937
190200347
1003771410
1886889211
2771888164
3416617911
2070433702
806273733
3327927483
3828712511
2128780365
1006693896
3353085867
897830894
773118814
2755212011
45965218
2351373900
1455842236
3298097843
2934404446
2284080146
1067749806
908066605
796620032
2627903686
3167478767
2858950608
1760916816
1765626345
2816935988
2157558302
4232952840
2942525180
4289011404
887295731
446755596
169343668
2563127062
3204439141
2682064515
202617697
1340627696
3045587409
3585156194
4082313425
2755055748
3186755392
2347427144
3328665614
2449576138
2618050202
2795339212
282627812
3258871230
4293676176
4155011527
1419181391
2484576239
3109795063
1013214892
3825073881
4053491067
3375678977
2298112706
460458739
2604131997
1975125087
3570418788
198890782
3481493780
2625393580
1000538191
177400634
3174921321
105098275
3765934785
3263710979
4230109656
4290196765
463931598
3932658323
1166085461
2669012974
716489074
1938668316
1875324813
1804290460
627013139
3733942903
3953113526
2879382878
2131467673
2451520252
69497560
1984473364
1647354434
276585535
3620465991
1229763919
2172176561
1030828586
709057579
3724613117
3682949682
1311065044
1655121706
2552415524
2455048823
3833398614
1425143511
3513169931
3673103804
1661416704
279467497
1548803283
727083303
1243135330
3571531125
990786982
3083445733
341057813
271774177
131682196
2903714402
4238082800
955292794
3871522646
1352941634
220557151
673739854
588729325
3290738405
3418585768
3258081381
503295934
822394836
1418035817
1647174154
798353458
2686010251
1849143811
1518903645
3618721761
2964650225
2788427970
2300411461
851731567
329672148
3903631
3735760189
1330482283
2241822061
3558349776
632815787
1142735219
1795965112
4215807133
613726236
3143523610
3926741284
1810164636
1240132359
865788091
3685466882
465257731
3467904378
784892752
1210530485
1080420365
3923154376
3750639429
1420030437
1741865512
2854321560
3472373967
1676445570
468788891
1166733632
556327175
4277758907
825753336
2327902216
741437825
3466854755
1702301186
768543130
2061673119
4233513793
328023338
427466440
559382949
1334409714
1468372930
3488852173
3362694443
3365427182
821418806
1165803751
1982761832
448383233
2746011389
1061512534
2328716958
575145249
4235402220
3526064214
554835146
2435175873
2313273324
1448176541
4279739399
1296297713
796874752
3018168219
4120292551
822177997
4288350706
4286954815
2177555819
469469412
565627840
267332894
480336973
2470967762
3316908007
1428478637
4083998533
3537940984
2004140526
3302130938
2319115875
2151904907
2981415536
1732867815
2346763417
3860544158
3966570652
1622984624
3465088812
2400498012
2891048707
1775252360
754905547
2307071797
2539046683
2834228504
591756837
2699621167
2431019926
753439924
4204858765
1955290039
2227029813
64311826
2339736828
2254703303
910686810
938131596
2795147308
106621301
1009361680
3435434699
1893832881
4207602771
2570386706
44028430
1437349187
954925051
2350918873
1479350421
2637913525
2463384584
4008413805
976265587
3952130388
1932810924
3603651622
2467420785
243274854
1147370686
3094592993
1261090492
2956730741
923277872
2555256076
2917594444
680371246
28211377
3475452493
767340411
2573896849
3440379723
100745863
3253669063
3614895942
3431894908
2764648979
3531252856
4067705601
3068323034
2862130583
2812701770
3143966783
825841466
2948771951
1456551936
535364537
1693489729
3058504406
622162643
3949231758
1203017839
2031694881
3887377226
1664744468
2498284237
537950887
3509167650
1788995304
3598263359
1946527496
1770079037
4040169989
1001058849
2992611599
1915953954
301651568
306199296
2517937943
4160550289
4129792908
3987324151
1810211235
2550445907
210015843
104897840
2949915960
3904692159
1533003091
1595172072
2185719681
4074288318
468129781
3182364082
1342742644
323130181
718896391
2862798819
3657379482
2416249217
1869911249
4010168298
3227363400
3303929336
2857898344
174374410
1981909740
1533323060
1659226625
3337208969
157058860
3727235494
153034952
376475843
3882481337
2056804118
2122764096
1995363916
2961918324
2983548276
935529889
3262134149
4053943855
776470938
1621717214
3234297207
1647245165
1408123493
127353786
1262162840
1038072273
3685488914
2614274376
818226468
3784378412
774384543
2508235669
2585312747
3709671104
2493089025
2155876118
4107555010
3998708367
4291893221
4206634496
1259714741
1006149082
1026641825
1104921527
1385436721
3681905582
871120422
1459288573
2739530329
287762331
878508974
500025658
522162450
2785417398
2783220999
3733120082
1225873033
455242562
1025320420
2159379208
2904095804
496467569
2362038030
3718654047
3271531618
3921771074
1941237394
2625255840
3708771528
2685419909
2195099636
3391931801
1415478499
1591363251
1522963977
738129816
1820241294
1240488879
3589415100
148477497
1343251255
2093164819
3444807012
3139624590
651702165
1294622845
1499689926
372675752
3878772173
3870843645
988465674
3098035844
3594006441
775398134
755013825
1869225629
4021530627
3682029151
1129816732
1286553274
3617122690
2134026089
2488255765
276686982
29165803
660817663
3600903745
2087647235
3958336746
702348378
556576509
690211571
3958679722
247106377
2345400856
3441816217
1404381562
2451775338
1614349323
3105959979
2834208061
1009933474
1969450499
2388073837
3465754732
1873519791
3667836098
3926352478
1784225983
3951088148
1350590435
898651212
2964939389
3445178297
2726670464
2421168592
3509704164
1938560327
2167209933
2035553205
3780816532
2126457391
3219404764
2764980597
4223616202
1708314551
1067140523
3848467915
2391288687
3015048200
1299952857
3375561258
1744972129
2673353527
2898080069
919752001
2057873346
3119212959
3833032269
387216177
1996861298
1700292164
1152618076
1269150315
2635272736
3477819830
2660115493
3888725744
1178983656
645590088
1482758380
2710496038
4255751539
2954593289
1074651664
3381276009
3319384822
3759142057
3239391785
892393671
165964898
3110127103
3345697005
3813083140
762011217
2160793093
3631601521
2394668279
884795075
1948020205
1313487736
2070650725
602068708
612979497
3321595839
572541423
262428539
1487238215
1671024950
371448433
1139247413
1649710658
28721424
2061212613
2662229013
3723278655
4192118446
2023854723
1371824881
2442156596
4032675601
2105962639
913482574
754913917
298064694
2535582502
3979044343
2552733132
2897855053
2954417941
856600526
366152168
4038305113
1968896103
2063080971
1440465150
2409767499
3856926003
2602409591
1833509241
4149851299
266615892
4188932741
3079956512
2543171201
1160031375
4137133406
109086526
323504111
3371185174
3508796744
1374910783
