MTI 96
995171088
2822563658
1504302868
2499412164
1355717057
2358392864
1796281302
4237678529
1083226612
1688249062
2391657036
1345310602
2174221578
944437973
3860318666
362069679
2417598336
2467931912
610329157
4264006948
3288283771
2939680873
872756781
1483829046
3547069456
3847552588
350213792
443363124
3857227722
2431255746
4085470203
3255698758
3415337367
662991916
1017642177
1079555498
2632151884
503779963
1316711188
506925666
3767553797
2050372282
271579777
3956061435
307075525
963993112
1572636506
3869182627
1822534582
1172442025
3914236111
204363282
2593791434
1867033496
1715019660
1786729697
1704479096
738906858
2936432666
20072358
707359683
1464904985
2104216215
3781449376
2921935191
3890655938
597570180
3530621309
2332171869
2839831130
1014693937
748040343
4250595868
618821719
1256430933
2495661156
3446625741
747700815
2936424861
3337399468
369957951
547995573
2501267001
2825594933
2643520187
2118872916
2055655664
780662802
4049283700
372494005
484880004
4247591237
1464498823
2700934064
2465122109
2837839198
427246497
2178933053
2359220177
2209205492
500511716
3482556380
1223205126
1006721030
4100359378
1001737481
3267134026
465391356
1170866809
2785167542
220802423
3589888281
3525500993
4250494765
2029351679
1187997492
2583155458
3602032941
1231132363
1376475458
359915010
163610005
3536091542
21094668
3981658245
4277574542
3429773251
947565934
143984069
1670744742
3553081176
3295692376
3368505475
3492688373
3299046704
475015807
2930653120
2894539309
3842182312
2275611920
1186394630
978131802
1063977195
3114223651
1849262640
608409393
724587651
1845107283
3946508870
3716579230
3317476396
683953842
551563660
2488206857
1092402551
1935852712
858123437
1522370928
3914844669
579991342
2667551659
3594873903
2353444123
3476126489
3224836968
2725456337
3553644714
2914180569
1392818620
3091884251
2481611382
3122011731
1629939407
884010950
375883697
360678640
341138616
142687487
2008486978
784978832
651241121
412687438
3241734057
3913106693
781620904
1487649005
2152904409
1962027591
3709760125
714194698
1633617526
1789416937
1005906120
3385271859
112326980
774504786
1832670406
3999790258
1953824398
3883460139
1969787761
2228907571
3781858928
4089552829
517536587
3565614312
1871438747
945286831
3989127010
3937272808
757064657
287130267
2391443656
1296370352
2482589565
1227425475
2920866010
4254025631
1865117976
2594609118
1160916032
4027584388
507796631
3078718301
1248127530
2851769214
894575120
159411364
1342997918
4102696179
3756091068
2913218794
1117697048
3546706863
3778955314
1646270000
1850282886
1141906796
2460630846
2014055779
523983273
349851638
847447116
3103520161
4110350803
2093583385
3740443450
3412714753
3796860633
338961843
1196531933
2882096667
3413318353
886610795
2602123664
3452519879
1041236129
777424295
1787591359
1932361344
3311121224
1042380850
1351779447
4033928845
29474575
1162051880
927279197
3601057084
3722067926
1813544750
1240057527
3276656748
2472625890
4131408910
1001133407
245569667
149344236
3419404463
603725192
69394891
12326450
2650056067
615938665
2648336489
3835142353
3485826619
3530559850
3521040061
1921165869
1605885355
409717800
668035437
95612636
867373271
2956695810
2419805591
1676146337
2640419346
2125886519
385680084
488778154
2878953764
1895355650
1362130050
198376011
920555290
2274314950
3937502929
3212321526
3870022075
1458812865
2127225
3309166455
1650119676
4226808730
174707884
3844015690
925539825
3757831336
2036884042
2111111144
2299989885
3736815158
2801548414
800769586
788027772
519505734
2763886569
677651222
2465392815
3332529851
1481882786
2938778866
1136579630
90932562
1111120465
297845395
2371969690
1745203074
1273085370
210856609
3751940374
1077352956
1549698704
1862618573
897327610
676775946
3447404768
693426420
2035012007
1019034879
274518223
4265688634
1704949133
4192107730
2929260499
1118646041
4289147485
2118119974
2330378536
125362381
174504789
1468207556
3717213623
2884434326
4160386439
2178790141
2700332729
2494446273
1166723974
2740368448
2573392265
3326832660
2170320575
3189400978
1291293477
2186129522
737632353
2648952516
1899628035
837184059
2563227704
221152079
344021337
3863368370
2619733606
1243474177
336618901
2296011747
1456808498
3852658435
4279294811
1138642860
3325893411
2428251086
3141500915
1371125217
3251871299
2203943303
3858161333
601154988
3737615960
1054979365
370297325
3061838172
3595996060
1128321046
2892786675
1534965796
2450108725
1076835431
4018984996
3230221333
3479344529
3440898238
2717168786
2225260451
2542055767
3273149093
874169392
3237072485
2049172781
3859282007
1744736600
3909200961
3204003589
694373842
1413486516
4127430128
1824835457
689985345
2633933868
43780865
3819458985
3238907474
891250283
3578327776
1337233963
2880475160
2910930378
702899275
1426024135
1685896472
2868257555
4057052506
1388226345
582845403
3130950938
911071602
4185990622
2456923492
3234564869
1273909438
2487884683
3786419854
3171592781
25083311
843800500
3133611186
1229013434
3405644471
1081214174
1755389032
906118212
751867256
4069579089
3905767528
3585895034
493732564
2842192097
3752846946
3240513161
538234149
1298621866
2614360567
453221564
1373487907
2751960934
755090666
2179665189
378334550
2600682646
1473580686
1142476570
3413284351
344788366
705559298
577321281
3898027709
3959891792
970463402
352707956
2282341608
3944252627
2059404423
2729856101
2641686906
3409495280
1941500825
361840899
3613441619
1948731330
558294089
2823379950
3894483908
2891142721
3742001045
4078021063
1307320681
734101815
847494941
1288396911
2544479899
357913073
2677154457
3775731454
3543101356
1757591184
2918154911
3734516474
4033012973
290898353
3753700571
3521647711
4107066878
1287621743
1499297406
3297989424
3870901464
3418127743
3911314712
2086267849
3825732902
2387270819
4163932961
3971040184
2149339160
2076009097
3360580864
1185303208
2899653139
1481095153
978958766
853861742
3345959449
3211774419
735317641
3610605923
3335130941
120478570
1535694938
489263360
862293975
1730494996
3734624026
36891160
4197652826
690542336
566724031
2268163177
1629999166
3701092644
752747619
8536623
3774804997
4173322531
1085391061
2061508406
575325686
194048813
3150981816
2602312594
1959184812
1486578150
3836732553
4253870131
785368671
133837811
3313307832
1512494539
2168460179
4287585535
1221152673
1826172953
398350987
3940057382
3453597248
1951533006
3435916620
4273551458
3639795670
2413862919
3841742620
542139307
382460819
2466000790
3425361089
1754459785
751222936
4051197015
1802703069
108002435
456643257
4185526214
931677616
3936837270
2147086460
2310946085
2369722811
3589304847
512348009
4198160584
1971484336
751109544
3592695145
678247261
2296175312
3725238183
322278733
1329788060
4148649556
1809586274
2138725769
202455145
