MTI 414
1074196971
3096710621
1064783177
378296726
3175619531
4290676127
282802192
1677104949
2407639951
3775520306
2768329764
1901094197
377414633
3428525501
2430949703
3795815265
2590897165
2064175681
1668561932
2309559737
1932227096
3496659036
2669850674
2343535209
3006731
1131035231
604309680
1177815907
2369794090
1445452564
2019791779
2794088171
3951541044
3085230064
2716658726
2167248398
3568938545
3730664008
31986377
881721108
2808589455
1748924506
1164860387
2919778778
1987031945
3046643817
1892078845
1050088299
3960497113
758659603
457338717
855412385
1598108018
3772116854
458074221
2671208826
2469884689
2027939465
853619278
3496986999
3324097977
426487344
3546884656
3865219446
2424795448
1939281555
3795342071
3520045347
3620082993
4043487529
1410777888
3722318296
3822965628
2976140940
2507555034
2960891562
4226643382
1244626083
1394965463
6206863
22247375
379014775
1342403553
2569038706
3532802801
1156584177
1792653247
3410185939
2778116468
3287174691
2380975231
1466869645
484028171
3388647978
2123023744
2752069716
3523024236
4281889404
734818219
4039147042
909706637
522144234
3443903070
1497267674
1746378460
1582168489
4259983916
131788815
2888279833
2805594910
3258524984
348512335
3747375982
1322891243
3157921099
2153941250
4009073031
500290823
4044802719
3938719764
2734196063
3214983519
3270106809
33091124
1620804813
652289727
2810213960
913441813
1529734234
1749704906
3354783371
3821856370
1150024307
3131808566
2796489849
3320573027
2924324536
2964790032
232463542
3302214554
3805221925
2646176738
696828050
396577878
73297822
1597329720
4245509605
3088451915
445026463
3579087822
2364916259
775909000
2714794622
1154983084
782522426
3246152782
1538874999
1981234356
2404317968
1954935636
2700224877
1837512052
453025598
1837904963
2579860673
332032147
1687509993
2414647857
627240027
475094197
3546109979
3554362938
51035318
2134436511
255849216
1282415980
3546937017
1859734003
820937692
147863925
763245185
131390624
1397311348
2731031537
3770511206
2235058806
3076824509
2055025342
3422233237
2887479125
2557382436
3541164157
2683311027
2918191496
2013344417
2654372765
2719971298
2324801054
2945830008
3049537096
903068403
1030052356
3207647204
1161715322
2500214450
215371987
3617681189
714967364
711335879
1512474130
961040993
2699601927
3190627654
1117130242
282827032
2738857375
2535382644
2364049899
3203090683
757349216
2586797055
2502306106
1078230772
1989861106
1955667300
686332934
2102430141
4230531118
1807305785
861915976
108592993
1444767823
331365425
1889006602
1307062912
4093553085
2449613204
3936615018
1385373842
3558144115
3532911757
3701520190
3763471652
4249745546
1298648903
1212203915
499418716
2902121436
4019037931
2636435691
3683181519
789661131
4114141756
1201729460
2686027463
1950401706
324589534
1285269486
2770757768
1316453857
297404569
94049044
4114848512
678515501
97395734
3238834533
1587251446
1237942740
3663858791
2827509842
4131389008
1652328721
341613282
680033322
3134161718
127600107
2973507252
602280693
281787024
922818230
1979428459
3741723711
3560897488
398478927
4163751697
3099922820
1792801760
3654753976
1623849338
1497904539
441614982
332185561
1238031373
2104354918
2182609546
2634067473
1421793562
3609700514
565140134
4272844749
2194698066
108121323
2623841153
1906850872
4045310733
724898387
3999194766
1330809077
2146280252
4029849218
3838925044
3207576926
2530114543
2913733096
4034222078
2373544246
2073103331
2179541836
1011965773
2312155512
587416501
1692774913
2196331632
638814188
3663398368
1600879490
482120544
739566929
1163923271
3624784459
3033683655
994177609
811281081
1207482614
1728509679
2529630000
441541250
668287310
3198854919
50353566
2769033775
335863753
1042709584
697989044
2736115430
2218736307
65487171
2895785332
2524625922
594705081
695419278
1423812034
3808681903
2497063269
1893151917
3321419423
1297543999
1290782365
3440734141
2195325915
427446570
3693343263
1171152254
86921832
965302526
1460565450
890311381
212128455
2615277563
3615904173
4280718457
2424363404
542695115
991891386
1100797657
937685963
3214605709
3461092264
3263860826
193088297
2574877049
1140859651
1227247918
1081185682
2956085497
3376630956
2245019879
1544531314
1370853888
3400807112
3682667834
863352272
1944251253
2264028384
774718423
2585060726
3879912485
2558180607
3271250831
1507254942
1709079939
4185600966
1988182585
1940417697
993073844
2549602742
2671393314
2802698579
1695278271
1959066562
1872532121
3439157592
2312818197
2285303848
2642495320
2639654719
1976577501
113012500
1015549474
4151023460
3983472903
379971666
3577479803
201208693
4130452531
2439495917
3619242022
3994322481
2839021938
30184525
1731818245
1414260325
2959765780
4094847118
3409937686
2559202530
1783965828
2150342177
3386493985
2676093908
2033230627
1130880492
769037870
2449148014
3349256394
3409615460
4244554933
3605996339
926084618
129045093
1957347417
442894272
438226414
3855853329
2243489752
3607160067
2053625467
4024619636
920489977
2377578054
2422519142
1121911527
2718841160
2593550209
1283802264
2847313564
66929000
2978040280
2586638529
3352838402
819704701
3332435313
279993458
3968577063
1436516527
1455843232
1201750411
3775809981
2612749868
3879731514
594320599
4082882149
1672832756
945665504
2205990567
674809208
261386953
3786337605
4048383206
3321598162
2495086358
1512821605
3618329161
3560394623
2294041281
2065900034
3137826046
2611614373
586030817
1773849953
2369925486
2104494397
951015923
778184495
776807652
1591773283
3739322124
1993682084
927413788
3436803661
1925876451
3011038995
1380408899
88666516
3393062739
1394504325
104983190
3878169441
23518417
3364478954
4006436904
2049777245
3423926840
526017272
3446527233
165449128
888945139
2428078305
3887919138
2901617271
15952830
1394340720
927093454
896661027
2642224313
3842853482
2635827149
953402210
2933521585
1755243351
139787289
850667237
2832069910
347403358
1489476414
4200284979
2615578719
3782195985
2146184094
907032473
2636076858
1662540390
1450845024
442359208
2053997461
23525036
4015349056
3406714853
2421564445
898677456
2191561085
3297147004
3838173622
856975721
2042621827
497667060
3762326458
1130657689
3031498606
2669366641
428621683
3024896191
276961576
2496867195
2473946545
2126346893
3159061834
2196861029
699691128
2097502836
1566985478
3477948952
1804515873
158366746
2638933512
3773965919
3903949471
2549791773
62138415
3927026221
222540603
1838373579
698725801
3639020677
1241993757
687570127
2059835995
3885434200
2823298403
2428003214
2503695512
2522069733
1022795858
2332129596
695908397
741481056
954292422
3135362658
792409621
1128028503
4094263858
3469189280
964371503
3038476536
860675958
3111373823
859854847
534080098
1294883590
2252709829
217033614
1065837870
963154095
1581845519
