MTI 483
1280928575
1425170728
2464670255
2728931762
759833144
41000234
2214577678
1171387430
2233883885
3265376329
1965914838
4132038177
2994231655
402830238
3001360254
3954688319
2848723894
602910563
1860512979
131090224
1896111197
3358356910
3436858346
986339810
2016857912
3909354097
1725849212
1443199423
1532758664
982152828
2614676142
2232860704
901351025
224630660
3145704889
4245303082
3220114998
153101838
3755075624
2312988781
3289558065
2535009779
616299987
1876254932
2287463232
1146025304
2832737434
1338613854
1324848443
3069627098
267755458
3357114934
205580352
3419118265
1529684280
3873751591
1703160993
2918705540
3038238369
3339603432
263747654
3632150828
3521438652
2228095137
1173017014
1862722189
3277058076
3068411909
88685466
612667435
52469538
579853253
3039901470
625794195
1596560739
3148942035
648678374
1277418029
2528769905
3981443786
781100954
897692757
1145962848
2436843468
1916383995
4269900517
3605982480
929597982
2565773231
1071124465
4184978476
1202356648
3321155293
753481169
2969162009
1063782627
2367969204
287271286
3530406371
2102817525
3640065153
961232759
3325776061
1770722434
903316466
1624863854
3160346652
1229306270
231902565
1756728266
1251736409
3858331713
3993891705
603921934
2721383589
1267085744
677513140
3367296143
1451182822
2468232630
1308668002
3667126782
2380518609
627592823
1054400593
1730664602
2949997441
2902544071
2535160517
741122707
3695663849
3947795928
644052669
3394842926
3460748645
1489870669
1367609
363454127
1651381926
441687981
3275186916
4200533997
3887449798
1723739395
3206179928
3996132944
2235398844
4156472462
2904573132
1958144861
3213508234
2422125249
3396275248
3205418736
1684286072
2664622349
3088320864
2632870932
1968450560
26248319
1420443743
3505520732
3714541438
3621717388
2623846530
1169423080
1568903763
2367234017
3556888959
1126591713
1116286279
3790370699
2281092897
335951548
992718612
1621619810
684762186
2430457617
3352252068
1412266657
2457235913
1760915147
2672143477
4263706322
2678784986
2164662286
4013207251
2765618199
381206043
2353782671
2449979943
526234608
449365150
2762644820
3189985564
3726945511
15646810
2690566006
3903503652
2836987684
2639784823
3647503372
2993700540
143989710
1725425577
1918980935
1719937847
1285601889
3626590313
442962974
884884255
2468529858
1519021964
772757634
3131428984
1531285564
2548718393
3817552335
3107394472
3587898922
4082951395
1775699584
3441389081
690967783
3213731849
725172944
626406820
2715624600
1544083576
414827967
1840503948
2077792389
1078495350
3953063511
4095323242
3732277032
2709203395
211238945
3708133992
1365662784
3052045784
2445032284
2425119628
299889067
1997146818
2179222803
3752542663
4285520931
1319212888
2513327647
1632001205
1196590994
1489380738
3140475329
1070817912
607749955
1393322605
2972709075
1487553681
682041904
4097125323
27705133
854227637
3149705070
1615423893
2282502742
3292091585
133594672
3422446658
1993032467
1176249370
3751505123
869859165
1427417231
2993564024
3589631390
2289109262
712942836
1853167732
389234272
3333340767
3707054653
4013582530
1210637065
46647280
2633056660
3751565702
3408862979
2126159826
1380472204
3803468775
3128708117
28602257
2842500226
2381662951
1459062745
991944304
3938894356
3358164393
1748229666
3632908325
8090881
2335121807
1481853297
4027784662
1743506154
1136681582
1151038043
4016596084
1923011477
3779274653
944717577
1350303227
3327293409
2987025968
2726706590
3300815925
965827272
3262026910
2171726323
2593981664
434716185
3027019045
4277697147
342389736
1510956694
941458846
3386056
3607344352
3018938896
737443702
1053556159
3024214698
2853400542
3109749145
3389542590
51215246
3593448679
3974965202
3859295164
48483916
2887301055
938697330
3855650195
3835865662
3374861420
4205182642
1030831835
1919732640
2803939073
2128318041
20489496
92184396
4041134387
866489405
3474628924
2433191158
2323320939
3234029428
1754864446
4272774083
3595611391
132601311
3729604700
3032281779
2360655143
3123602399
1591197528
256492621
3971264128
466476258
425735182
2721827655
346774773
4182800164
3776612944
2856710772
1872362866
2127879390
2345126620
3083613091
2891052906
4201500735
1512765285
3859472179
4161498113
3275490010
3466052538
1012487817
187963477
916165754
681752259
3391620095
1114508467
3338111968
678190338
4285871065
3520798070
3548550726
4124482089
2855532332
2997386331
1238486211
1961330135
3667060926
3423537424
77975788
925411272
858651495
612455626
2161175911
3137275221
2948627007
1350333525
2949571078
966135222
3056960681
883761793
967826033
1021907676
3184763715
3461174532
435633265
1146025000
3443006776
2192095507
1267247571
981234069
3537245446
3493108236
818973561
1563708895
3325598692
1208042732
961852276
1008106765
3232781105
289058408
442153342
3749536828
588921616
2219858653
3315311686
3818050907
3210243169
3862841931
44391359
2319164371
710719260
4120360136
2958906
4030273556
4163007086
1895643339
2300000793
1977638096
1198523350
343186946
3308049895
1146869071
1702392935
2325660922
2813871928
3831282234
640590704
2351318442
3582325592
1507347674
2678058956
275348372
1186880157
2829893871
3343724034
377761091
3867441394
3943605638
3542516221
1900064574
3530061807
3255335766
339104305
588589179
3689663388
2583442383
4182200864
4121991836
2701195698
2565087427
120599903
1720686692
3046958859
4217463691
1961779740
125604741
3210512086
1098808934
135429584
3965249539
468381785
506714253
3179609470
3990575451
1904722082
4185664894
3811962243
593603688
3175052753
3102563437
1644214939
3403757922
3014550422
2162914230
3854558868
1118310459
3950952766
3098539242
398022836
1221385402
3086254268
2531703992
989177419
254816011
4006173551
737121405
3726472192
3693204754
444842145
378432609
3531324382
2311786800
3372771336
2231120279
1037791479
3200094762
1988151711
2814066330
2362428162
615889614
210811591
3945478457
967316473
1726176024
209486083
3521498510
2449547799
2193225248
3080055463
3444493437
1198381541
3050173394
59605765
2949428043
3488438777
1130408325
1817910115
3790654813
1514027397
4206866967
2314359466
2462050923
3345526338
726532914
2236193853
3977360747
2114889741
4227142043
3450885667
3568555528
3988444193
2533997249
991046207
663182498
903369299
3823507136
3787693045
3370731799
3345536911
1054865244
1252655810
2434672142
3462793194
1755290980
2453976270
4065022620
1921275329
659645182
2361031181
2389783334
3375815600
114642300
3818917758
3717235108
1094534964
3582016566
1487452926
1213963530
3901858565
2642656541
2341296945
3296524930
279628059
1274923713
2333817621
770623567
2262118544
2427236523
3251313416
2348808304
2042315951
3492966555
352438766
1812934396
96066603
2829005617
2039854481
1712205687
2654693669
1373206343
3463646773
2038539494
1110139633
178474841
2835179464
5322393
