MTI 352
988518226
1854561038
573147990
2019696928
4102647598
1563819763
2538388849
1880724167
2408035959
3793943861
2787897032
2206306001
2067220339
1565214433
3700294101
542529527
948327722
3033783894
3976100822
1840985339
2779094755
408398752
4180305673
3871004930
1059480166
1152983538
1381697126
629613753
2302335111
34618289
332947023
4161678397
1318238154
341920228
1164051910
910320456
3690613343
332335122
2234068353
4123242527
357029100
4003720870
3733614521
2775098468
226998935
2240755331
3612487051
1409071958
2972424379
275454471
3026364985
121458783
554161330
4061675196
1790924225
800148617
95724977
1876508060
4170612462
578137149
405463216
2418716769
3007795005
2302103028
1116949990
2242631742
2788701742
2519123970
908397584
2995648445
3431687165
127041173
376767660
2163761206
3578490573
4074035684
2306984256
4011301620
1708849666
3189335829
1221836063
180987214
2697421080
1350037204
2133633168
887670453
2637878178
1535568344
3858832057
4108000863
2998914289
2995788840
1550525411
26149875
91456922
1810247173
3558122782
3797898077
2193178464
2249594869
1983957377
377695320
722489177
1015109510
2482025137
344902212
3298299160
2770019966
152695134
3625856186
1194433917
3343474401
576432250
1876929152
1357114492
3437669588
1271581934
1780015737
896761593
403085747
4140702464
1565669596
576274229
3546581571
2469111669
3150557606
1178588899
4137328295
4104703188
392389411
46416409
3895215841
3285167054
3553745366
1502040872
214330722
4124350050
1341566035
930643107
106520420
3341195564
3509452011
1522866958
378738421
1918427467
182414020
101231785
3642092228
578097123
530338524
2355258668
4128530623
2490656572
3257878550
2324212835
2869254461
2086981660
3721013781
1509990876
851906222
4187293133
1034413763
2352264820
1876295538
3570158307
3188913102
1351044295
3240443764
1511591744
2489506677
867354760
1074375983
1837263445
1931302412
2845901402
2579091557
2423918086
586058059
1391107079
3944750771
2276642097
1915933367
2270423005
2709394135
798026837
1991113497
4027318524
3096890723
3160985723
1149994355
1512511284
388377653
3391928014
2361598596
1206623524
72615009
619004664
618039120
3907659030
4274907723
1864153432
3779492532
1572709647
3005608693
2814005467
2151472746
1810264369
239161490
3238791775
2523151844
2296190160
3097493893
3367067301
115219570
1274953347
1241183455
85163066
2445545293
3851755088
3087187169
4019147629
3844440695
1095778674
2428055687
3918789414
2394091051
4209783736
2437544600
589287426
2075811532
270945549
3705159662
103290089
2317382701
2833893917
4138858355
1843226067
3200759055
1006844680
2489549547
1053011746
830819714
2639836829
2434541703
1434532807
3620256199
1777617449
2147124889
1915529847
2828123765
3676790817
1768663268
163191530
1991896234
332234817
802787257
893761401
500850005
2064200654
623576795
3404329301
1929297851
684526746
2831251166
322233694
3932401532
1189495718
3447610000
802247190
160422518
3103164906
718462424
189101641
661717100
1265728643
151397431
1292609125
803519461
3757796276
2343675540
717486254
688016387
3407148703
1195098979
921153070
3001732083
2782852254
3499382109
2571568637
3954258391
2954398235
2925613559
2498155671
1987974939
511124961
1902107773
3219894775
681718564
1325390780
2802834197
2212614439
3026268284
3571679892
1671753446
4175707376
4053901211
3262901612
3763452877
3644149613
3436325508
4276786255
1308749085
2879499703
1279821367
2444735617
2661117592
3655973335
3924666284
4215548254
389716167
637994150
233160565
1441115491
3745773548
1124452042
731477559
1654547491
2494338349
749000586
722380880
2491141524
1388817931
762137272
456327833
4203627921
2229921973
1542099336
2874495420
3289004119
3187500444
1233381831
3490669668
2964890561
1908134709
1041050175
3023650900
2723819884
2312492942
2944037601
3919824291
3884849295
3308053271
1608485153
1827108177
4273561767
2462325470
2095448105
1727542996
3666746370
2117700628
555986472
3859154892
2601753556
3066831585
69270135
3972386874
189442597
3892046552
1171906073
323789692
2845976388
1956462955
3330683582
1949854052
590424732
2460218118
72532543
4198404192
4195149471
3710120805
323402134
3759933833
4068070078
2808223432
2262394759
4233519140
1379672448
2442977334
492031089
3602067691
2682035671
428690555
752069208
1536008735
1746545861
2678502797
1997316133
299423929
1552891239
2866459383
115619404
397080765
4046215251
2637204056
3490423143
187638037
934394122
3712740880
1127084904
251431937
119142726
2522525629
629545444
3304171516
4184964106
327566922
374449424
3914234772
12730114
3760185483
1191463644
2326763608
4011295396
2513566981
1320217171
3401679071
3183596708
2531096056
2879487510
3591777969
2651128852
3631685482
4062827729
659035890
3286377630
1498078251
2707690321
4089438327
26224712
1985985151
1072850960
946869101
260935991
1249884731
1934760716
3237305426
2106261588
1826190603
1518421552
3813433447
4078995059
3070713440
1137645425
2003503652
3994768173
1526437586
3461425531
913977058
2676021252
995507854
857509577
2878019301
2953377014
903701152
1467747668
1682225873
3838122697
10709903
1783680309
1516137874
3722710051
285612831
10842606
2486775817
380003273
3071431245
2655408082
1421990709
763720410
4258047764
2259497307
1982966517
3907175589
304592344
2812299810
1634291136
3541679221
3078376379
3182307191
898339584
3308465263
2943423126
2396219267
57127391
3097271103
420740644
481499443
2009528737
1924111725
2774535886
1079614213
1529586933
691361754
493546878
1568949154
852121669
22775169
2667953444
3861878275
3673426836
3704289557
3698879024
3475735932
2288251316
2490380511
505128384
2007802313
4010040874
3551967004
905803971
2076965003
2468978344
3455257224
30582121
2953884411
1013969550
1854322621
1230332530
3277265225
2164334846
1356441385
2439497698
64151844
2609573968
2930893157
944116236
966216589
2243542773
826173118
3644911548
3858130325
3998936802
2922250186
1009480498
3948176544
2011894378
2629565133
2249259244
382440592
1814910858
3011710650
395089615
99710541
1533715059
1174708426
2454101284
3675616267
988690974
2101448664
3264242329
2328104532
2683527352
4101672132
2879183109
527090559
413666071
251149776
1310294412
1426428969
1331753453
71009707
63494618
3037956320
1242658890
2461345338
1496366401
1506050979
4199024535
1339184235
1623970122
1624712841
1942907691
2336693132
243694909
2014105857
4034712948
767218333
259423494
2393064917
3461371301
3735780415
2344299196
1188024440
476135348
698007069
3034198081
3059713245
1019652903
3155140139
89310720
3069264788
2325568563
3457717776
3699247564
4019651657
3132720450
4207599927
1402168750
1968479987
1730274127
1446769432
2802834049
294659505
324489538
1912932372
2208566775
24399311
405213378
2219556604
566554044
4245097214
3072301970
3095746801
1786342284
