MTI 351
352478788
142842572
1591046601
2758498387
3634604729
2042135805
350785556
1526087594
3138523529
807671353
599225603
1630494133
249636507
29114685
942309941
1680387393
4052379849
3276387721
418493769
1286571824
1667727654
237088573
3099495230
719279359
4294858695
3853403913
2103377848
3520568530
1968599673
4129642364
1426290790
1200335479
3930413666
3163618457
659775914
848687758
3168761404
3713455493
1612233141
1831726352
2820399986
3820444812
3847021050
3211334296
1732054008
2321886946
3370455966
2571428243
1385493307
2710993347
286481669
2026852456
2325377208
2336524045
1161127250
2564504579
4223169366
3022200772
1925278144
247701163
2184075774
2623786150
712436570
3455735101
3591654116
805881180
2408708481
3273894801
2761004218
3172025767
3996535856
2770027702
3348269636
517931756
1041675400
3612443257
3774503943
385359599
3394868630
902328682
3258255221
1681717991
2244398650
2175070679
3044879029
3667769837
2699423127
1457984507
2305367380
2558453210
2734026580
712709387
1906663852
180627377
4057084031
737424044
1876751554
3811553517
1517609646
4183074895
24844205
3293823341
3673925330
3649436650
3651639614
1297726434
722670951
3994837168
4009982348
3867125139
2028423546
3326811865
1981650403
999004848
1304249464
4294267895
613736854
1174771408
3284709747
2104169632
2556887472
3548863000
1169873224
1528751820
4088842904
1473707908
1682180906
1415778310
3315096592
1396321370
2745422506
4199827486
3453164824
464610056
3924700160
1544726225
529926845
1780269967
3128103671
2914656546
543606089
1334646948
567599343
2594646601
2243566687
871079775
1401307783
326731227
1986926167
2157067825
2160419589
242581257
3668324797
3380095151
4271590603
2416381670
1119161029
3203525769
982015602
145544914
3880370705
1718446380
376952701
1762999620
917715240
2947943135
2976989301
3518162238
3118480541
3633145286
1520733915
1714658981
3390570847
3554946774
3006686325
2622103612
2277863520
335141362
4252117883
3831676250
3680023763
1561463035
3190700755
4172713058
3025251926
4166647430
3076866207
1876938582
2180643632
764442520
3423652994
793180182
1864204568
632788266
3856380739
3329856046
1154222474
1781576934
3749567160
4038797329
160255753
2506309141
2311426617
2255556986
2734405499
4277349306
530739127
55817779
2593871132
1688051974
2581213149
1088060272
2111702458
4117564552
3485791411
1815819392
2199244884
2001260635
211222173
1736097372
337230160
846204522
3928256858
1454991829
2377291833
3040985552
1463075403
1302322109
2914097838
4077826315
2405994329
3982546903
2589389685
3839738869
2930416246
2745469836
1074516614
1513699647
562530398
32931613
619791153
405453463
3941159793
638041931
1146637708
4229902608
3337253313
3098851396
3370720302
3466614911
463074700
4110024596
3402940556
189633445
3587917812
2274014142
2642100716
3602372573
749257829
3698808820
450821930
2512494534
3997965805
962936059
2075684283
3145542777
4145964210
1914926241
1854025990
3941889844
4181174794
1306288025
1790996151
390902571
399619081
992335279
437696236
2468207795
3500539184
2417467415
412580327
3754877890
1299785078
828149615
2209325511
1503304463
2058405668
2878603200
20916652
659353028
548869534
3663056429
3443710872
4195563343
1372708770
2021881905
1244958173
3188308486
534915017
2851382555
1303278805
2827070599
527594458
2568170097
717095045
907310131
206327428
2972779197
594925912
2662598071
1168377919
408238221
4260373168
3060470306
2602339259
3590763477
2289864921
3877766830
2621860364
203833885
2213285989
579776069
404433707
1931544740
2435604763
667159557
4281483002
3666984735
543187030
2140583409
3521772559
2033783914
500117433
242121500
2359306045
2449930778
2407701085
3101693262
891190230
1376933209
2784160804
1789052557
1465757798
2752422242
4106619374
1144711663
1485064497
1519581939
1642932615
662420490
3864203180
3019707813
3250355776
3793357803
3966114616
3985703247
3138703695
402866330
600868223
1757260563
218873017
1366007572
1497918313
2747987766
3303344437
1995967238
3096191553
1794905402
4241972996
815434089
1153733963
3621034927
2654696752
2457190925
1942986563
1857140961
3310838953
1520486167
2611124929
1870653852
899317455
3393259281
3035433223
1408465538
4069918884
2966102794
3075034199
4221602465
3350063270
1088047135
1844259996
3825417347
1576026361
1372552141
1826522476
2895590761
3786495877
2800711459
738769806
1363375243
3593304047
4010370752
1665975303
1580112623
1291122097
2658018212
2876046806
2246835075
1185827526
4229720877
4006412667
734009893
3078843256
720476236
2344581307
451238144
3518971634
1056509502
2080459630
3184052810
4175514317
412165287
2459019027
155164553
3841832056
3950045407
2146088975
1564711897
54128907
2238374068
155956936
3509250472
756213819
699214975
3357873366
2963836350
26566657
2548980238
2447757923
2511917953
426042427
1837393319
3555875549
2030670253
3437572368
1250921016
1610569474
3959884641
3410415941
3846073195
713963264
3875457308
158061355
4114349756
4179378291
2378637109
3424341791
2838742769
2463920414
4148430485
2506233490
3167458285
1614794975
831484526
1021268692
1939886156
1437437009
234834760
465437116
483582218
47961215
2721931072
1586886819
1339977761
2600873939
454251958
462584368
893950253
1640801653
1885231923
1768257481
2283196596
4157086640
2670174675
3525354167
1830942698
3762595288
428178675
3815694489
2139821522
2153004668
1409237752
2856585515
1865820523
2327238490
798433539
1181391592
3241008240
2355162717
1938316034
317908223
2771758038
1930056141
847215028
3874589747
2801891300
1349051263
3150375289
2265074026
3706448379
734349434
921000637
3790098827
2318301142
1318935853
1571148311
1015297925
505781013
913832160
1053911460
1011523229
4280578799
4098658384
2116697343
2186115168
4091545674
1400476300
100826130
2755877407
2413938700
2395465174
1181390559
305672473
3880753534
3483910051
3381419481
4236096149
3209930770
4089795404
3049352085
1017247103
3376935100
4217346345
36776103
476068240
1913487623
1356304994
2522388541
2620524793
55512288
2021004401
2515249877
577898894
1379376030
3753099816
4282637740
4127961774
2813952347
2600851956
1775440330
870499372
3484880101
2716019544
3583290650
2094439238
851116862
2049162464
1452864968
527114839
1040221968
629591465
3441331416
67479646
2463601757
3929174278
3952392600
689569387
3791177275
3231465286
802047975
1345077466
1284738196
3705972586
863757592
3947102213
2236504639
41463123
1427883400
3733720807
2419944305
2392870283
1353810798
2469117749
1994554473
1533201510
4030596305
2690177841
675003805
4169269546
1000525765
4023217160
132384508
3440793535
1494099816
300997572
2465432858
1407694856
1334090866
3085506053
1230209569
2116793979
565944385
3329354932
1371844434
2772306969
554308131
2179714801
4014527226
3100053340
844735030
1487941970
2962490022
131481644
2872075431
