MTI 410
31463082
448533742
2517942031
118778581
1425591524
2908072034
807914971
4140804782
2901663687
2742476028
3883327912
1915246238
2160410156
1267244992
2983970588
2632102949
1286902708
3267694378
3381987665
633564516
418980798
2476445931
1027372255
3576174394
2792352459
4082677193
3376755494
3799287627
918391151
2032264772
301610713
597032351
1323377124
998805948
1127067880
4017090401
935859494
1797903523
1757164531
2857710308
3544015962
3700025711
4133776567
3333285220
3388949453
1316546835
373645927
2222941510
4035506315
1397133633
1412287886
361366070
429869012
2056971124
2671329555
46887386
626170293
2513916940
2581955110
2905135084
1489673878
1647017695
1310015048
123962717
4005269651
724219718
1778305324
3900908104
702199036
2538696271
2380145719
496681600
1687027389
2172764685
2660973103
1723916596
157732744
291532401
3773413831
3819007374
587211424
1730470342
440154820
4046220156
1204343828
1605999720
2422687334
654208563
3923352182
4251982612
3010349586
3476442591
3362860894
4001877227
1948048080
3900866910
1614702551
2592808610
1803707529
486039684
3979939670
2313576166
2358491840
1736908616
3657916198
1892601199
1181863562
137617667
337268947
4074560093
2550703865
3711948475
3889641478
1968709113
3626018803
3624141048
3069814582
2333218453
484371380
2253710471
1723629565
2766433327
1043856459
2098982699
240358952
3758802320
892082333
2296863524
1618976886
1189241770
1876671450
713964641
1847540971
720346177
1304154602
1816573779
2788722188
1209443236
1845722883
644608849
3811342675
3546626691
3231466197
2850071294
2769028335
1478713462
3318368283
3821803914
211771894
1252703807
587462389
696369368
4005549831
3407846423
2220866728
483114875
1130602318
4100072682
2036951795
3907879559
1001857713
3838998725
403989625
1895840230
941912721
1680944752
4023618384
1049006579
2492185898
3945251248
1537226885
3064027317
3751494574
14084418
2409660462
3590061207
3759765540
2919511694
2990105935
2220255748
3716398603
3487145812
1893380161
2787476878
131978178
986144121
562421014
3262949008
3781413595
1008083637
2619747927
3214127902
914643507
1722912664
2682014523
494047803
2044111796
746331893
1623086819
382362230
57864834
1648508027
1310855700
3221803496
2735462641
488482149
1413414986
3418482398
500111059
3877268777
4191214327
4139772428
2907134034
3925602818
994293214
4275379510
461901
1999960441
516238898
2909726862
2991254080
2403535492
436881305
1335925901
3951784575
2341700202
1554529193
712214532
905501456
1145211507
3957639050
3741224879
3665154104
966871081
3508144132
2609591632
412140014
3504692161
4271605574
2721215926
1173313407
1598240743
974986032
817521493
4061389391
780211839
4047452795
3752362812
91079732
2122507410
1311762818
1418753281
3308171790
168941995
3905986258
3676949147
151695789
2384085062
4176850026
4033215890
3091019701
3754170913
832398519
2927417302
1320064211
2919104831
3883786654
1566363307
805060650
3225005462
1247311716
3443670541
3137399586
1615201531
2409313532
3366823723
3098908326
2322737247
1475746874
3619699819
487709825
1179175160
2389700867
193383090
2437116845
3907094174
2973630211
1419721196
145539650
1716415054
2503636074
3382210609
45830857
730362568
1401806209
2558329404
2322031886
3549088326
3750004337
750514049
3361989065
1955556369
4282645079
3925574735
3255049886
3245830092
1201997842
1269752391
4101553957
824424921
1148058331
2798135589
4277500962
3658861072
3303597181
3129254403
1212955130
243608982
1709527732
854910769
1500175753
822494533
3137783151
3867036537
1968005401
3047153906
1206257983
3072890105
2268414829
419573098
3908198644
984994690
3885724615
3853649282
3618109785
929606315
231091576
1983453082
2988052018
3008756700
1214147878
3049911180
1005973411
1673450796
528270212
786743357
136523873
3193144743
2860876156
4018640842
1167961581
3950952615
3913026821
21660808
840461839
1225890581
2560602512
741041612
2629848014
2491058950
3912146768
2783739089
3539793344
704324308
605725525
2145710151
2903275816
3973787800
2879125301
3132922695
1038806126
2130778979
3054807878
1449875598
2747371806
728216975
865584733
3743030766
2673653135
2197678697
996296688
2159367904
1792134268
572343074
1926473804
839552204
2099114529
3986618633
1332422801
1047703576
2667521852
4104666805
2158705523
3689917160
4030764119
497395564
895431089
3474238794
4098945450
1074743916
2444693776
663692210
3185236524
2284188371
3874327463
2763787682
1568067184
183595153
2832067863
1440917484
1910570341
1346155216
3351021226
1690639602
4211943279
3000144796
3931398221
1732159916
1588754445
4152478531
1353262014
2795227726
2891042959
3029215331
3277755838
4007445195
3296699848
370943328
3697457853
3526611342
3495824904
3826055364
745402718
2733039820
2736170203
169477581
207612484
3844188702
1836693150
449706466
3346387128
1872332869
3900888689
2666395613
3600434637
1716691994
3152484647
3324157973
4016032746
4162216620
3983796770
2212972187
3962847978
1092663120
3513276847
3818654472
648142082
500910786
3008704311
929989133
2540395325
443710527
1606821888
1309832724
892757019
4010864920
3304811818
3039318333
4045848001
1739278402
3491377342
2341718656
2038955579
3824925507
343097282
2635196307
3307450403
123637900
4224349748
3440722893
72123511
2995656428
1050433594
4255791891
2079833560
3976594094
829260715
576492690
483350698
2206975124
379170288
2359464965
1998738414
2857442565
2014056254
2773860739
514746121
2430114232
1878091775
1145459177
691111765
3616129386
1769401186
2061234802
3440686007
407137493
1464155154
1695005382
248787341
2939082179
523048029
3433519048
2571567707
4088324781
1559961461
336467181
3314536313
3506262821
972766525
959645593
3656195805
2643078
3610356197
2423606190
676197720
721353619
267625880
2396934753
3704195005
1455225777
407277162
1789061378
1915056183
3852021212
1323447437
1487087531
2617367000
1056188315
1276145438
3093391789
3856116612
2025022709
1745061590
3644614461
183751044
3441314011
4182447385
1011304288
3263074550
1408760306
2889894198
244785591
2472715468
763630561
1476157133
1095060841
2179483447
2107886836
4183873790
2241922978
3639733176
3237631521
1132805345
2438301098
4032205464
3885161614
3786075775
1651044517
734625435
2008707958
2440126319
4057975438
1277154856
1583903446
1263330416
797233708
3514350719
1291584796
1353563738
3460943256
2929067248
3111639789
3335428377
508549897
3257275015
1703996578
2289266518
974113461
3591360770
1825076912
558300114
4280542233
3846914485
1942287921
3661547821
78486487
2705283790
3315126816
2952077434
2495024950
2398356443
1559595493
2614123147
2406575997
3919856194
2897634782
3587132170
2934902724
1526149896
2543687812
3193098027
305621124
2856278831
1133687200
875847220
3448290505
677189559
325827027
928686122
1897190271
3515470302
2496060046
1214911487
900676324
