MTI 442
3942245285
1647272550
1321286765
2655132647
3981176696
2203758677
3535430780
1814081875
4256900921
3448396547
449448538
2319824183
3431554691
1126874280
4019596635
1605845864
2036071148
3830350355
3516786402
3883076509
3904771723
756408804
3891766040
4089793499
2044663367
3164822237
344567106
1385879355
1163442696
2096791065
474290180
4047289935
98998315
336463765
14436965
2451084360
3739728655
2896790848
2092629273
1153637028
3168333717
3728011770
376808753
90438316
2111917664
28697040
2825074510
781230593
3936518980
2885943694
164213331
1573793125
3062356305
3820888333
3632310853
3914302264
4223268123
3438574367
1618301171
1544815427
2768788571
2063187478
642346619
1052418602
1800729251
3812670163
4002907433
2196817523
1024614192
849251043
3170757979
612629550
1828693029
2150700567
2737647858
2099449246
2951332592
1801690009
3758666966
4046585248
4105193983
2844350701
1206099246
1979632718
3843682874
32476096
3702098302
3154497652
318157112
2002986580
3549470990
666527214
1688917122
4055903873
2897572630
1911567571
1025103230
2563131049
2589659003
3017856314
1517400590
200575576
834465611
3953045724
3639289786
432594532
3801149423
1714547236
1632822324
193363648
3322320165
2259633432
3863676691
3729534044
1560574930
2791732336
3898042234
2373657910
828951678
498929178
270064229
3047622168
3473511374
3157577545
48569845
1481420878
409444663
4181299659
1283561828
3347309589
2579613599
3806614586
740973968
3368037994
3413081545
1107242660
3624283714
1252068134
926553811
3450807500
634936722
3207997927
979636447
3880933374
1626245125
2413734296
852237732
1598467794
1806836506
3406617706
3827699951
978765345
3585781315
1799346521
1625258508
1147369985
3718866704
948213421
4047774695
2810096864
1033358272
57807641
697281279
3738735451
2234957758
2623600981
1501108802
1462000613
3394576736
2013630086
3299049815
884169886
1510292220
2447134769
1006104703
400106833
3566847068
2802350981
2908775680
381520139
3480891310
1446787439
3295398096
4021570353
367179760
4205689370
1298895704
633015187
1965832659
2456955313
2303740912
1589876212
265878405
1686043295
731886969
1504832435
1069675297
3880609392
2812242014
1567205696
2987967303
3459465713
2928922006
4143356004
2366426291
952586513
3959184262
3541649621
2144050708
1401886448
1259300862
4107153681
3601954845
3516029864
1626220462
785159163
2239572608
1450272452
1502234877
2802111938
797447476
892537706
4157701690
43312326
2262165367
645347147
3835962443
3372523706
3197851975
3643094153
3844458510
2002595817
3468020593
2162093104
2289314118
2433729446
3714627225
1761911564
3323849344
2751500270
2520050405
3240659067
3973346304
444209913
1015816592
2891241216
4058363043
4139598052
2786328543
150572807
3624936295
541536380
3815064026
400378011
3942694755
346416555
1886362584
937993007
117664945
3710047797
1766285586
4099033026
1777014613
1898776700
1546286297
277929349
1448518337
1420389174
1064426935
1434529074
2977584905
2527814866
2553499417
1987497909
1264606848
291498020
2704272001
1883899034
2535177769
2012627543
3007763883
448254333
2876716035
4124816422
1398166113
2815992745
3757577847
3800129554
1180052005
2240747988
2964215795
3601084147
4096972788
1595249300
245424111
1752530890
3032142352
4266163318
130074927
2135565841
3128023573
1200384979
421399195
2096585815
1943685410
4159709646
440591385
1649299643
3998610843
3863625623
1899692610
3488852118
86071031
1640182134
3837110513
4145775415
2192410584
3305676894
2448582522
3753258345
2299423722
1889962373
233181542
3215270356
3996373305
990393184
236452240
461317335
3289296247
962447764
654748930
4023691391
2396940609
2140499065
1070778605
1076348853
1046303028
2163093505
2169522563
1149419455
1385111273
525862042
3591530560
2127219970
2687079652
1359580461
1365024981
3179531780
4028771855
3410865031
3019890939
3979159208
1479220681
3802138060
2064729516
58379138
2449311849
2003544822
1201152255
1569213520
651063056
499688973
3473932539
2408198193
1537076864
3052192603
2601160834
3798700965
4127841809
3189372305
2866227026
3133501150
2357508819
995181114
2840598818
3922484391
2126623026
3745237050
3868035939
842139585
2979140140
1035653333
3224029849
3458471686
2002106304
975624471
1079320201
3156588530
1186884987
2921036102
3367757036
1142883270
513722078
385495671
2111736035
1705486109
2558225049
223775155
224650982
275859698
3369211584
3098731341
3532150045
1692471613
3070750535
2608371713
3476771109
2356630383
1584515309
357586900
2067767770
910012405
729402684
3704272446
168039075
475325858
437104445
1791273663
1343834661
3449962700
1604894486
4109889334
3182551672
2840455050
2562442167
2769869762
3648686690
1838037198
1488416161
2127822433
4153514838
145699414
1012364344
2769017634
3735723910
63371807
4074495318
1168015644
245595272
2760155673
267209778
3846576883
1755407411
3370123173
3346486383
2127965900
2548911025
1568787081
2268263877
2348134601
2842644174
627385154
3095576626
1719674473
1883859618
3975547737
349139396
334936895
1776359782
3946284245
951705812
3672822599
295783946
978357749
1697029661
489584306
613973906
2091476908
750267989
4285719110
3143485303
2043521065
2959147787
3476933042
3140992669
1025749095
1228559824
360778344
3110208691
1705011317
1638048134
4035453182
867991119
3893738081
674637548
1695880395
181720049
3810106548
2391430731
986770134
3849653095
2639314129
856964084
3578597113
2481147429
3685951346
2930803749
829450689
1114653779
3036719604
2653809051
3529766233
1158497387
4136096755
1951859918
290100332
883314390
1251098957
790035400
1119607700
401882003
2793786943
3148461433
2765401498
532319594
1917161657
4113273648
924663726
499341536
3388643741
2511315764
3665282506
2421233118
2669108846
439897588
716204484
2839330235
894954043
2299625418
3028587036
444083488
4142298219
4032459354
326462190
3215707390
1381267798
742353475
3921897606
2764920154
1841222478
4215775885
2262576390
2485922914
547288161
2763692903
1513434282
3955221898
1212142108
3837886564
1927054757
3047592294
2215451669
2632095431
2751658176
1764776655
2239042603
2465531507
3510368506
2242464683
1553921131
3449414202
995279135
1781375218
796948890
1866415122
957850362
3061741266
1944392077
4061406021
2323464762
1513441467
2161085724
1278494926
1168740639
3571257819
872037477
507088444
3645588938
375382354
2559390561
2865296047
621273515
2860381709
762874832
1508588366
1875687954
471252826
1949528700
3773872581
875582600
1727915394
2933513925
1014088711
2150840921
119029902
3867899893
2734559798
1200649345
2161258034
3809138255
1019705687
3754968850
929162966
2401872855
2329983005
4243481487
1091497766
4192490197
202358614
1886690064
4228076941
4005838642
4154912579
4149132761
163129075
3351624618
2425212098
2581617146
307840890
3777337743
2868368437
3326051734
2010641141
873409428
