MTI 55
1421950522
2694119842
2684580746
1735531090
2857751194
1464698498
12155178
3463947250
2537751034
2605418850
105396810
771929106
1621428954
205519810
154356330
2782029874
268288442
2542008098
2729137930
149378770
2672521242
4014786050
479530666
1265225330
219952762
2977239010
3659598026
3243216786
646779738
2534959682
2919582954
3008025522
1787657530
2682679458
2251054218
790654290
1246671770
1379984770
1004762154
1862610674
1589130490
3048171618
1883343690
2561836306
3333309402
2705751746
3517934954
3413856562
3023104698
1659385890
728006154
886297554
2576083738
3354303234
2214250410
2295645042
3007997818
4109791458
3697835978
2133648018
2372219482
3225464642
3586525674
2117082802
977154106
4080034722
643676554
3240256594
394459290
1040473218
295551786
394565106
3641219066
1918950242
2592691274
3879677458
1791036634
60520898
630644842
930728498
734489530
82307362
2734762250
1234335954
2817776154
1816886274
212474026
3090806898
2361717882
283140578
2361493194
405456274
2970249562
1144744002
52787946
350855602
4231887674
1731384994
355667594
708352850
2865636762
1249787778
1292554794
2481472754
2843141882
2963705442
2195755338
2803948306
1043413466
3330341058
1410506602
1081927474
3775267002
3355713058
3146075146
3307905490
3544228122
1143168258
2083001770
3809890674
2589641082
2826426082
3808166346
1714908306
200844378
165751106
1207903210
1912096946
1232288314
3476407714
2411063178
2781859410
1564853914
3034055298
692610346
2692980722
1807373818
2006973794
2172966474
1126895634
1766919898
3008292802
1229686378
4249713714
2185565626
1706412834
807985930
1347693266
2874784794
2220081666
3006317226
1004943986
2121007738
1620427746
4156032202
2793542546
293218138
65574466
3635982570
398364594
986345786
2674375842
3457990794
2422585682
474769306
667902338
2001705002
3095638770
1791969530
3262682210
33091402
413018386
3825459162
3105778370
1541802346
3646127410
2453919418
2868311074
974127626
129400786
3281465114
2322212610
24179626
42362738
3531133818
3984444642
2098568138
4182443666
2491541082
3502283586
659934698
3650251442
1851368506
3622514594
3797181834
685621330
2768680090
3902455938
2442794794
1179757042
2372027386
2539399010
1742305354
788742674
3896109274
436170178
1231033450
4183221810
4261103546
266216738
292138250
162370770
224222746
292454402
2288755882
1878158450
3202574458
2692668898
4109732554
2994315666
1738519898
1838816322
3112539882
2739258802
386287418
4258339490
2635041418
1729579572
4198016148
3013900724
636765172
2610750836
1521178900
2053689396
2800701684
2928994356
2849515156
912351156
1062217332
1112630132
486247828
1419274932
3057713140
975394356
2684118420
3120230068
1215903220
2991530868
3077415700
1969430068
1659411188
796740404
2311668372
2517503412
3944957044
768796276
3881877908
3006543028
2941450996
138077748
2769457300
2208044468
604021236
704707956
1977986836
358558772
980367604
1102038068
3147506324
1659178932
3587170420
3596100468
2577678228
2591736500
3364965364
2494141492
1175303572
1792984756
578176500
3100950900
4280552212
2422650932
4005557492
3732480820
3827685524
4259945396
758168692
2634718836
2165938580
2261372596
1712354036
1501721140
3692689556
1513402804
4242988020
611065204
602761492
278086708
186133748
3471040564
1712504468
2385934260
3537802868
1044568948
883881364
1606508212
480958452
1167101492
1014948244
3283230388
142881268
3997588340
1393706772
1897952820
2251252468
3032252212
1913184916
2325071284
1146074228
3839920756
1509173652
1677782196
1291030260
3969454644
825819284
1117931956
1829415412
3903117684
286039828
1619190836
3306723572
3747911732
2359856788
2363085748
3894366324
1164834676
3372134292
1222890164
1014056948
2313145396
3663601044
3162405556
2577063412
4169660788
44972820
794282036
3663015156
3752565556
3184330900
2694456244
1480550516
308887156
830203284
986564276
1295858420
709044788
2708362388
3646742964
2447830004
1556567412
2681833748
1721827380
3718635764
1089949748
744023700
4149622708
2105396852
437275508
3526509972
237623988
4162117620
4221183540
1163769236
1467635380
912262644
2249003892
3446985492
2450263604
2069355252
154245940
1352628884
3402597812
2907047028
1750726260
663962004
2152662196
291289844
1339377204
3384766612
3559687604
2701926900
448384372
278566676
1421708340
2675839220
1670661172
3894747796
666169268
1601804404
2918376308
2347632532
915202740
3777256436
3110849588
3656551828
1953085108
2111249908
3616188788
2878085908
334612532
531080436
3691361076
3051739284
1113455540
2199039092
3873468020
3304257940
2036453044
2392986356
1852340788
3651709076
3279118772
1668172788
3984782708
2746556692
2499302452
375909620
3432960052
3922589332
1941825460
2142324340
2232769396
1013372308
1806364340
3748712436
3683632692
951308692
1012506292
1549107700
146572148
1524918036
4217802292
413223668
3555970868
4133237396
2607625652
2901482612
1150618228
2011459988
3911337140
3442867956
1227768372
2391464084
3598895540
147960978
2715221114
2733323554
1242411498
3574369650
1012581338
1967897794
3191074314
4091625298
2204863546
1247403234
605204394
2105003954
696247578
1752990978
3849768266
798694930
3617444346
3643800738
1725541482
2856921842
2746928474
2047366210
1958741130
40639442
3239457978
3155293538
3207619882
11769906
4020333978
4157950338
4134664394
576264082
3554770810
2548572706
1534689514
835516018
1545572058
663595970
1360749834
1398599250
2346517306
2070528482
3210639530
3261107378
2612260890
3897796610
3101358666
3804786450
122732282
911899554
848153962
3744378354
3635789402
2606210370
3020425610
2764718290
2780460474
2822674530
1090866218
2312036146
2561100442
3881662082
263730122
835196562
3008167546
1701450530
3547925482
885338994
1060848090
818702018
687034378
3138002258
766944826
3462459106
3601248682
1751050674
557859610
976894722
144336714
1361420306
1257047034
3672897186
223987306
2176193778
1978481498
18150978
3274292874
2291304914
2030274234
2599832418
949979946
2713194034
321606554
1815453570
1882099402
3668133266
1273535866
510444578
1898403562
3443722354
1615409370
1309399490
4279927562
3028207698
3861184826
3750508514
3567871658
1358742194
3526865434
267989506
315910218
3836620050
3617072378
2926242210
3231529834
2686471154
911145050
1784845122
2793412490
2582614738
3207566266
2350889570
295527978
1840740658
77087898
760113282
1069286858
1789976722
2387075194
2396985634
3506783722
679518578
2798731226
850516162
3638417930
934507346
1989828666
3793524962
980814762
1497887666
2287288602
711852290
3078484298
2797744658
1240049146
1980688546
1079595114
2901247730
3749796186
3808409666
850706570
75696082
1987717306
3593642338
2603440426
1296858162
1930955162
2389732738
1527268554
451148690
2342665082
2920441378
2559376618
774920818
1967499994
856195010
2708719882
481505874
2185608585
