MTI 610
1392893596
1649589276
2636004785
3491450112
3134379663
1376476944
125978993
427366995
3519868224
794357917
1483272995
3181796140
478754762
523494714
583943629
2398470690
164508988
1343372073
3193390695
1432340614
1718566723
858270167
196698895
1783376374
872994482
4064705100
1944816181
970687874
2223621611
3490221899
675656240
3692570525
314514450
3197056249
4062604873
2204259900
3856842582
766749059
3569637026
4101047192
2223017412
2307796966
1123900490
1211150012
1030867182
4137827524
3791016382
734579536
4143001730
919929033
755475449
912820867
648778835
816621977
3099092561
3708041186
948928500
128421727
1562866544
2043792502
608971454
3283273923
4248467961
2716210080
3843037628
2077367624
2340455401
3233665921
3963627995
3126978328
365865689
3896869049
2320713337
3577142926
568282934
4064249201
2251683840
431636491
2431950464
1520588996
2712195930
2398257374
932168033
1509644884
2942555262
1341135250
1079664969
1232049012
260103004
4229913143
78478591
3127146825
520128458
3338258512
2591357277
4231520261
3960339903
2609286178
753843437
2588225561
4138512804
2315076123
3272593846
1030727339
2399818796
3037702980
353058413
841059292
2218216953
423238068
664191563
2717018099
588728338
1405198341
3815774444
2482915149
2181934231
3790189526
3870200771
904172103
3015801831
2389238754
202416929
3135922834
3765500967
2264797650
1170942155
1981311911
2415166861
480339976
469568817
616369293
849178089
1122390413
3722364135
2936197460
2938995640
1983691655
627914645
4033267913
1090191925
3142247930
2073024892
2573356729
3456689861
1682566456
3719714726
3270724261
2325990322
1152816087
2428001949
2824685121
1379566591
664690137
1876006704
1038776492
25222254
1672451331
3030773507
1871784210
2242656756
35274738
3626863069
394123569
2631098234
1187669177
1215466843
2135631680
2237327062
2106517760
2729221851
1599985327
3412263665
282571127
2027847175
3041080540
364187637
3382285553
737018795
3257919036
791456042
3314183762
2148659400
659152801
3893754421
76467367
2663770972
3827442591
4005404402
1699054046
2133029351
1179078711
94551003
4122948429
1301519391
1023039772
83566355
4221995838
3235736788
716276115
749285690
993360593
662279136
919218940
425254887
2653673699
2742367107
1478329715
1152232440
2623141141
3998745347
3141049433
3204654786
3367502918
3258626192
3776904774
3135218714
2962651297
2814623859
947035112
189481130
2949426680
2695557555
2690191064
2666154208
1446010607
3504134125
2933213794
4088217640
2298140837
1637934741
21104756
2320561401
4263858817
1013879566
1928028275
3597132709
3965602158
1857320519
1184651368
4064077994
1606001837
2688737644
626531542
1604771543
1059642483
2921606213
1980929704
3096190733
3578592285
2417831808
3380753635
1643720823
989288825
3443294830
313015064
4248750119
2336660482
164848534
3008833499
912975757
796116180
2760600338
2942842658
961171763
4245792696
2932272609
1642439721
2512271561
1766029595
3614697784
2370965383
2524005249
521536079
634702723
3984469582
1566055191
836468306
253548905
1336217290
2831718024
1484188567
345319321
4017220488
1086013114
1897476716
233941253
3249100316
2343888739
2694416172
878425915
1842898062
4018955884
1812853125
1644635285
1191074856
3870699971
526779335
969514082
2800782207
1758755026
1816260416
2030795399
2797682680
2524172986
2474554587
2775307038
3406024281
3192446707
440748229
1203181023
3769987953
3128112803
3338389008
2625007785
3527655197
2302306279
3308802694
3460411557
940210733
2582411773
3192799533
3648558044
3441120776
1708265719
184492475
1027234481
1633621407
1190068201
292868396
2302118116
2001036716
1765288988
1565031609
432541093
3022990008
3126077561
840893397
57071733
4051852161
428194415
2562700260
4076959751
734853974
3541734239
119438287
3137190304
2832029689
1771514768
482765667
452554143
1810178069
25934400
593531333
1747584974
454142693
3890075770
506343222
405787021
3577346460
1681429484
586715274
1553042390
3996666497
1756743999
2575535780
617355565
2603557119
4001011580
3120773225
4121966567
566585227
2271893798
803678863
401923513
423955249
1544005519
1176581159
1958536220
1671024023
3990569475
3186281920
3116563312
1666478817
3589767921
3695041260
3549894260
2758246646
909327154
1799236968
365768003
3736517209
2485253390
993643687
2522342227
1173453028
882984368
1699434356
2673939686
3772558926
1617617586
3909969469
2296483703
209133257
351549093
4022834216
3488573063
2462128340
1406395191
1133950670
1871933421
2952572117
1618137599
2734635489
2562640507
2505407547
646475025
1364643555
3579843435
3242345318
4232041199
1654525899
23740464
4194411990
457037173
145132839
170493143
2499407636
3235866505
1819821402
1031807631
1785969773
450562022
2120446322
2347597437
901801128
1795438457
3137754529
339725375
984827874
42768984
686353047
3732129895
1894451516
3243434562
669270474
3908744150
3878940833
144932885
962747751
149527309
2002219312
818545588
539132847
1098407270
3807234072
768170994
2088239963
2751226246
1688573753
3851399855
49398079
1396947365
3952285123
2834515656
1277069464
2916720220
1654165054
1457605656
3405920057
65355911
2054997866
2733249642
463546212
3764329012
3779940512
1106483979
2730254817
624027729
307481713
1611326010
2685424155
2743014502
2495613356
3609308578
850560466
2604279307
3638947558
157742133
1147798685
132913450
3912227523
3032488598
2349679626
2984580889
2625289339
2355245360
708917042
2113666410
736342529
2034161423
3232148999
1946424300
1457257065
1492626078
1876638960
519852741
1542808657
3326359432
1952806056
1300473125
1498444906
681217588
859644749
3348269535
3219145811
3306802688
3319197840
3240983579
1157826367
2914446468
1462249716
2177594447
1752834981
895525056
2169240407
3144720453
4200153293
326648618
3954597098
3863032887
341852554
4024967708
3832266979
2772100170
1917115687
1161527298
2736377088
2685716653
380697746
2842808638
701732093
1648954685
686857744
1090197459
3780980163
3552334437
3701701635
759376972
1923590516
2701215674
1281232107
3670367947
17876769
2109951070
758437070
2754707863
3024605198
3309419262
2399177192
624218859
1091356538
3066836329
2510853211
2937216588
3892537829
62122991
366810393
3570672549
3661345211
2500821332
1383275242
605360547
3185922667
2403116176
429771345
2071715886
1778071817
4149049263
2729448804
2636074596
3335987822
2713174425
1086120309
1549619493
734066078
1095247712
383106079
1437246705
3133716796
3812592174
3837640885
433777115
1760184798
813411462
2770946423
1263636127
3056896859
3796927976
2084991684
348422315
3841163552
2808390729
257510883
1139057850
2850138412
389634150
3494188692
1035112211
1427724703
3536913876
3925381937
2915549881
402230425
3801425634
638436605
2502841783
3164028322
2448854840
1713925502
1048434251
3414151259
3193714438
488876798
