MTI 65
3074299442
1076525719
4131107568
1419674542
3567283799
1780775766
4001553574
841636915
3357087136
1811777819
737477642
1843095693
1530009449
3970116100
619637404
3472081971
2726570896
1384865465
3854342242
1302489546
2818217645
1276291160
1252572746
2593990214
1561523303
2139502283
660984451
2792212138
450515871
3076671308
1465641317
4057833811
4149053290
1275259454
2407937694
3803684873
217243467
485907425
2584508188
3913575030
1084297987
2302382097
19770326
393814955
1566582966
3641536771
2696714431
3067878363
2859980045
4139068370
194850376
2382470065
3487448456
236991543
1836910163
938160443
1357042467
3500464869
3619434136
1033109932
1603040569
33426513
1481667230
302881818
300626970
2061636303
1625576938
604355134
1331907370
2827715389
2971466237
198658441
3486861051
3505130426
1491547611
80925568
4255838344
231609144
2516851223
689758514
850911585
560903833
2153877421
2925548977
1565294102
993438553
531838088
1680052954
3917465913
2934337993
3678106576
502798634
255303409
81231396
4036110997
682143998
1393552332
4265608550
2410810203
572405803
1291138367
3168013071
2908057082
371812409
568613446
2595882203
2495765251
1344651051
2313924091
2676507063
511969392
3114064475
3369058509
2160933864
1307353701
1801008501
1695751698
2970713609
3758241119
573532453
758843797
2973364130
1149772706
3134450960
2262310834
802767551
651923442
2439093272
4159193696
1321606018
3670306895
2250120720
1292773116
2714327009
2229854759
2065747188
2388933082
3728300776
211532327
3710042091
3422421745
893723317
3838345968
204255642
538787795
1773148589
1143846089
3523064200
1776572187
3710215297
559708725
396217768
3822741670
3271043342
2615613579
3501424567
1638407658
2338002242
1593216785
3195216906
2328258881
3403139289
704656643
3092171711
2410083247
2101115734
2419946921
2158464131
647171801
1947519299
1781472982
3408963400
3385658233
2753348816
4237324620
3077750891
2404554402
581074878
2124432473
1342128288
1591985274
2103549410
141094800
4150612304
3436937977
3693134284
2216605021
2754602686
2926453918
1327371465
3705820191
1657847999
2439563625
1048575324
2458673787
3073882828
2523691492
2572729114
943971596
2336165789
440998511
145450322
861266296
1031914792
1961658908
3709493568
23541047
1656575442
154914128
3143515857
29322068
4228588117
159818298
2380993250
1422797292
3996164331
335472271
1843887904
733722337
2934888398
17011371
881270513
1386693203
1244951023
3720489063
2430717011
2163423123
3946939847
2468985141
4143337680
228898031
3374608449
2649744469
1173773279
1157097953
3516663878
1864537834
3275239192
2789252570
1624287336
1144961923
119424431
4026872050
2926242754
3837160868
603390082
2247882801
2294298642
74935821
225913812
3639188904
1806069151
1906472792
138993867
2697342297
3431113757
2031237281
2339818454
3575906733
2958311704
178226365
3697173432
3240711136
2517143059
3550850536
3079387887
4148693367
929042683
3760296427
588049653
4389480
1971049036
4290834747
356465262
1611056473
3372601748
2572423702
3573642860
830416437
66575476
185641249
3675485249
1992681243
2777908975
3616214215
684080119
3355603217
2520190212
1085080798
2524398321
1622365956
573943377
3176494418
594952876
1767990020
2235620088
849802089
1120288803
1785088774
3312711023
1338053311
2361609455
2618209087
670029223
545121745
1939220128
465350932
2689935881
3538425584
221941461
3829309068
4074419543
2054862816
2396081473
446685692
3502198633
2410702412
3559760360
4078811513
3107297597
2132229931
958365425
3776164468
1402915021
3626938032
607972508
2029510672
1515952251
3878510582
3075858074
3099430449
266705244
2946141393
2305865153
4081588314
157334514
3220501697
3717816933
3195392494
4128494580
3377701640
325712178
3585411233
2991439979
364947502
507772153
1448542176
3900491687
255593756
3268025837
2088902068
317265925
717667971
1186338226
656593329
1424790368
1608954516
552555989
110477276
726332335
1145551146
4206400540
194451432
1765655941
1358255696
4039938787
3898808734
2162789234
217678961
3223598999
3129982235
879260244
804165443
4009000624
2371839140
1099474855
1738145204
1444155100
1754644842
2323058535
1087202494
2837349370
927537295
3174642132
448555871
2236680017
3061489118
181156261
1047934264
1813151128
1311682301
2220842074
3792416290
4286301155
2118762552
946790873
2454538985
3253295627
1357028084
294158714
4247405336
1488717972
402210622
4242981787
121986495
4254539498
2839050790
3407275318
4074297250
2505980088
1174254579
4164879711
2817718722
386399889
3914425591
2424033946
3887993893
3812324629
1752599256
2780214042
1092975797
1402837511
12478029
1073957591
3195026348
3908732800
1608481980
2747193770
3127186239
3681174503
3761555064
1160641371
911263807
3744120088
74624674
237270039
2286736089
3772055572
3737219553
443894089
640498663
1609864315
2436557893
2079593281
885467181
3377929967
3529456690
1027152220
3693628126
3885627602
857637085
2123974155
33111219
2137155463
478208205
1561234132
910967884
40215819
1220902298
4136158767
2307699982
989846288
2518398234
3636966745
2144549746
4278956307
2238055988
4007017516
2083761946
640928256
1944215687
3604565535
162019584
4033956411
1176620368
122696060
1000647693
1062193629
4281970707
488380122
1568588196
453788498
1459202073
2840083597
2248838296
3554708783
2347575259
3103994560
2582479358
2549119967
3726346204
555326381
2701679310
2849602227
1070547688
1217353328
2252365421
1728836653
3717159861
2690005585
488824980
1838246267
4049460181
3376418477
2270690095
321249927
4145948464
3128798229
3174431269
2243623666
2706326707
243162262
2599613518
3882804583
3305466167
1305054079
2680406174
1396708522
36260140
565494439
1820995120
1415163757
1197331773
3863918565
3093662533
3252303247
2799942406
2195879180
1422202334
134838648
1971247777
1629273622
1638045323
2631695330
1398735342
670432229
1883557697
3202732828
2315814277
3723662712
765734496
3113463825
2063464468
735603858
2741665206
1708944713
2542472073
650470954
3659305433
1641531558
1813213811
258354034
1999017148
800153118
2301574889
3080483507
294883570
1466228500
3161117423
1574490299
832327924
2868604507
1317539931
1860040475
3150332140
654893320
3511272797
4237366926
3721520280
1809157442
145460913
231069846
4023619660
268618662
3777543535
800360513
1653818939
3909501446
2499635438
2410245498
251470914
3036872538
2760641490
208569878
1525783503
3236072931
1375576886
3913732758
4083438538
1909896720
1939131163
2684727020
337097733
3578846304
391589615
2359621313
4076695926
4118713170
1599950657
4258626022
853968495
3903380254
3677623715
1181156194
926722957
2651073665
423876965
606662931
769456949
3104645941
1089264708
4012297688
4123789771
416831502
1856575785
3311470173
3116972791
2692971957
1618690660
19388076
319158660
1237856021
42685758
2312258032
