MTI 145
3139269727
2600531363
3121750369
2337003858
3493513564
2923705228
854389502
2792367719
2474769701
3676803905
2801798919
3791423720
3406669606
3060926118
3417278208
3666083041
3558331595
3727463391
1562467357
4126689038
2795728072
4225749928
1389053362
1253288251
2997094649
1302317893
2840675643
4079136060
3500960778
99800074
3731351388
3659473805
2940689575
3844997419
2544320201
2298758618
1969801204
3656118884
1017814006
4092767311
1250947405
2594855609
3148206319
795008688
884780446
1112360590
4124338376
3327600857
3015210595
236855351
1130464277
1712183270
751339472
3520632174
398356253
3423489080
3327116891
4121169597
3882989980
1056330871
3823652584
1772978598
331671345
2611959972
775500671
2364072865
91867410
515363725
293320434
671322356
2687290391
3084842154
326639889
3633785767
3640310368
1122910931
2372934884
1781562330
1641862701
781300408
467816579
1189650389
3856659462
1795091689
4201073838
2784710312
3619528435
1300905310
3002202053
3405983243
3769832788
1597455871
3289826768
1739786478
3550906777
3938842812
1678419383
1260668473
2443623082
725035061
486083210
2823953132
276871151
888845906
3061923241
2642176399
225589208
2833388347
1136872492
634171938
617555413
1902216912
3710440443
2784200877
1936945886
545072017
3647188678
1851613920
1238794699
766601478
3090032029
500774707
3374534092
249299271
479847160
3496028470
3514302849
2618318004
1760592815
435951793
2041793250
2193710269
3053090338
3457463620
3194425223
2411877594
1149022977
335091383
2937194352
3907152451
2517354388
306377578
1832973789
3515009704
1448688851
3258228517
1746841398
3967945849
3424390430
498159832
1083510179
2434444302
31841173
1891997179
177020932
3410834383
1955512224
1144082366
541173097
3395091596
516389607
3798525001
1280358138
1611403301
2256151994
4216628220
2818994975
1585448706
2126812569
3203746713
3188709428
3347780601
1842261364
1507009548
4125408417
748560138
3167013755
926010283
3257539138
2993700579
1155939630
2451544286
935024687
41889932
4012610061
3161281413
568613760
2217383461
1247241344
1374992984
2043248661
2854999022
3792403791
1354573687
1887424606
1851167503
900537962
2976695482
340373379
2424496080
3938865777
773846913
4147997340
1603919329
2780786092
3749551812
4083279977
3584967378
856949331
3100278307
1276603562
2117519371
218355286
235628678
65756487
1899296196
1195402437
3537583437
1247112456
2228095277
2139331064
418060176
1749279741
2093041910
3913826375
727978223
1364043494
2506810564
4164164181
2252607225
2568706004
2172739627
2617196414
1984347650
3565291963
2474865434
4230930435
2834629319
2454746398
2612268313
3268230652
2529426000
2296995597
3878692480
2545311289
1312313493
4025459856
3424324767
3466642922
1438052702
511093071
3292620038
359522935
2263649459
3299697578
3773382557
1459019080
3434205548
3490325457
2522945996
3134274749
2818930129
2318008572
268473507
2397970326
1193020346
2772219731
323504482
4001621563
2966448783
1105505110
907923169
1897970452
4222431704
4280561445
2854404840
980256097
597753197
333387448
1732990871
1491411746
252632854
1157936455
3658594574
1695866159
4075978077
2677154700
3157670099
4293331358
1041164370
245027175
1807489026
1307736091
1072162767
3990953514
477352205
4005488912
3959776468
1831782053
1352926620
1464215757
3069782833
4159851456
2742171967
3008433746
971064134
3993500787
1641841254
3104010167
2568139651
3837964398
2742809049
184094852
2157246472
2969277457
2725279680
2025117049
2835582501
3231968884
2545328987
3935641126
2977684954
228771311
255707210
4289874483
3389092583
3393005762
1704058437
161708728
1658560588
3422622605
2749206276
858262037
671385401
525361160
1784630375
3491284730
789790222
2699710491
2868046286
164600527
2039975067
2607840390
3632149329
3920126028
943782912
4142185625
2869712264
2389909249
3293467693
2622014748
1688600067
70213806
2299250946
1167922455
427801522
3494301707
1774221247
1033739258
3124545661
500658752
2933346084
1928465013
1551616172
3969491101
3342824961
1881415728
4089819471
3573717058
1729490870
94674947
1301425526
1651401831
10519443
323385598
2561215817
2914739668
1921269624
341361601
1107024752
2325049321
1763142325
1167908036
1096684875
3080080758
1890753994
1709929887
1175030010
927028835
1502870615
4194032594
2323346869
229471016
4020332380
2195870749
1858349972
3935895525
608843785
2289164152
2404443511
1269131050
1394470910
1391736363
646100062
638234879
1149039851
4194909270
3067470081
2587040924
2771850992
1294741833
202595768
2392786161
2164869757
4271655660
3343049395
2059768446
3975675506
3303271623
1344182434
972529083
3709630895
1818498442
4159893549
2406889840
2303267252
2837677957
572046908
631393005
1141812113
219635424
1099917791
3735593202
245798566
3039244051
2376492166
3125825175
2176001507
625208974
3233285305
1509839204
3234934504
1588045681
2450627104
3573698777
4177644677
2152022676
3253382395
1895475206
3142651365
3128669347
4013999312
61387238
3748031903
1988648953
2677752988
3465514926
48330529
130853171
3043009812
1196584838
80895215
1278864421
4039289704
4148828670
1195326149
715219579
2364594744
3001942038
1514707647
554160209
3537899644
368848462
1458926281
1296856491
3233540228
1036761574
4040116079
1329789701
1430478240
3601632670
1715198197
1047737827
714163104
2159181366
1094124511
1172439337
4257847772
3792275566
224199857
2356228627
4199603076
1531894198
1630074383
2932683941
3068525096
3605312862
3203916981
3367208715
1735664248
2685456198
1559952319
1783271665
240414844
233183118
3533231881
3920242171
2052328372
1572820886
3844970703
609243077
1204148464
2668763032
254451435
925373077
3822276174
1689280480
2943255281
3330767055
792292386
1337312520
91651567
3505850661
2750606346
4019513664
2911779041
4169307763
1761009974
2716490744
1374344395
1852432749
4183791846
461866992
805009169
3487143911
4007761346
2757586024
2006584967
407342301
693847162
2920759136
1615880097
1625853075
1542068222
3125317464
1934803099
842949205
3450007774
2270791120
3980415025
3183821823
3995236834
4160701896
742489695
3610499845
422158074
1164911120
744948865
1371306419
1057554102
1900848344
2914374683
2154314557
2820796454
1429812608
1647477842
1987276873
1842662571
2102184252
1466023832
1781332159
3107101583
1970327784
1610071946
331858517
3711016207
3295047988
2145439564
3090666335
491369395
3680935664
4064400738
3654543185
3256514235
1208469612
3866324736
291518311
286851647
2416952648
3366541338
4150501829
4174030823
3056995460
2276163196
912540247
3941485227
1881043216
2704484466
3991560041
7598091
1663419484
2628215352
1523843823
3343680415
1677547224
3768362346
2358745973
3057339711
302072596
2418440764
4275156863
2993145251
897092288
3049854338
2808636321
48917787
1663710540
778906672
2564728983
908230009
3554138469
4026438591
3716595529
1847522581
