MTI 249
3388175661
1007906685
625802915
1345878968
2893485551
978074226
2315771941
498583331
996688607
3704560195
2128473133
2799894961
570903013
624599294
3146243967
2843508739
1848425668
3866923894
3283792171
3480964735
1378632239
53621471
3834908044
1331844788
2024285121
1348826624
3328794361
1580671354
1912161517
4197619470
1265747343
3431882283
649635993
2549258745
2872558286
932823491
3988201440
1016048049
530275001
3943080896
4241896132
2793269565
1422751878
875673440
745413488
2249488302
1766224867
3039680206
1339003092
896441651
3614382678
3535554207
3552953317
1608713934
2544656419
1061661261
876724614
244349510
792698702
2634835160
4096913082
1392605215
2246604661
159868189
3758912976
3177058846
935948298
2653432585
2716037502
1308809977
2606632503
2554468429
4285712602
3002067140
1829023332
1261820509
469512719
2844394471
2519127332
1872618338
4122489875
2752702534
2612141729
2425428999
110918790
3927384718
1293854856
2189780696
2750740256
56216527
1749417584
2877618949
1313337803
75735356
3811989919
946263676
2325325860
682667499
2515455701
2215911907
2089967579
2685484729
4107724967
599106738
3604077209
2510408177
2965817405
3831032401
3495652859
1513078044
3809969304
3514820911
2462326162
1051412589
3563630113
2158264812
580967201
1018724642
1313374949
604903239
2626642537
4243544579
710112376
38354853
1195466859
858961793
4035291883
834299136
17954846
3513638414
1325527406
2631622552
1899265354
2230200782
4053865337
43500096
3864523478
89345496
1183626758
1730738911
4189898387
790216841
3866787282
1725308319
1944474369
2126815135
1636047208
2360265825
3050147522
1277144743
2480148151
2219224987
2974424363
2615741308
41868187
3370115360
2738499775
2838587255
2013120151
1452742840
48637190
1724152445
2148376086
4122514025
383307772
125422729
3053742573
3844407574
2135942283
2402392779
3252255
2121540464
4259665413
2159217194
707072344
4290202319
3868162583
3933125454
506870985
1974349617
2316364173
2257227031
2273551886
1426405538
864545817
2610926764
1887599151
3781029695
1112708743
3324247905
3761021688
671606032
2020707763
4004393252
3342655922
4254636763
3342668397
73167333
2772347466
2430774167
2231913550
2163481390
2709321502
707133389
3128104125
4242732705
2311920249
857030232
3653927784
716632754
1646728947
3981765720
716564653
688673517
4057118309
3832407921
4107074688
301000708
772871263
594594483
1472714419
573128077
222754960
3544907184
3242126025
376328977
2173105683
3835207800
878615618
4157911525
1462347211
3033709362
886750339
953120325
1594826078
4232190434
3501301405
3166771248
2410936155
1516347137
142602260
361534872
804700093
154716193
3043007646
2420682703
1011650673
3091826103
3300624040
2740492670
1731395021
2152574315
4260805833
268540127
1700307996
2348264771
3585102869
2466146863
535746918
3425417969
1501613685
2063375449
2401137437
3335410900
82334483
3561944061
1254169755
3439938227
1299809353
1146988650
1585606476
2180347895
3278726590
898252649
1964638995
796371299
1171738164
231488124
2825462326
3988788744
1605431827
614914202
1028196328
2164078004
3729155809
3389518742
791100391
4233328226
2670396413
4010666097
2982662810
2007018526
250271471
1503073376
375193435
1808905875
926525656
4282035666
2896905989
236518937
949465061
1277789858
2543525687
577924780
255525169
696385033
146554474
2557627907
1962228980
3220692708
2171155344
2237867156
3072520393
2719212919
2935620314
1389434344
294514740
4138958714
1735255900
2141119993
3774941657
3901299398
1635759317
3609932667
1836056795
2758063648
3414396661
3720774200
2622688436
1712960173
1997101310
983022977
2426000143
1698898732
3411685539
1523965618
1168211339
2939884115
122917727
911317563
2632164737
3348427939
4051834389
22494026
2256873616
2466409837
714343612
4071387375
287848911
1261583518
798347237
1724142806
484783822
121511483
2154828719
53631677
3910132489
3451336907
3928561332
3250697567
2274340347
3298432521
2261171490
1040422366
1634555514
381526478
1689344852
1804816018
3200536699
831758127
722393561
367946163
636394184
2051740583
1881811072
3876056537
3905200619
651576924
1372456891
965626668
3415807049
4061882993
436816837
1348352565
1838763743
4021443245
773401249
243753186
418698532
2145986595
5769841
710029149
3429332399
2595129862
3212464681
2588759838
2551744844
944760399
722250985
598412175
2060752695
908257149
1200170838
3935436463
3633885380
1227550013
1122565478
3216922514
1186857939
3804166845
1774798488
2560691440
300633428
1246414621
655668720
3467114701
4116629120
1144843538
832722641
3521276323
1903739288
3381441607
2139002459
1771136731
471907843
3567298418
662425614
2111973409
1769821133
3902196814
2630098087
994047325
2573788641
3127850128
3295357194
864700036
3051207336
2957847854
895412763
945278776
3446384521
3329461345
2023289911
4275453277
3260794840
3036717021
1417096689
4110722026
1874541770
3097410144
2011827608
2042062034
566615590
2943845505
3105951385
596184071
4226960019
3479014424
1278133666
252267134
4287405328
2945115451
3617632561
239418608
3720748908
695421961
4006929488
1067324261
1618262729
3700916670
1095259625
1308803834
3596939398
2462769707
1825102675
1260627993
2498763392
2120513396
784842891
3778251189
1357536079
2092023901
1174518043
1942412172
1940662235
1956196141
2680188317
3417591178
751661154
253214297
3118693780
1883409197
2196128668
2931128589
2245510018
138867069
1760534127
3010950844
3620348230
179599364
3287119141
743608447
1849772348
1897968439
353625363
1906366679
3901297893
3134740429
1683009304
3241788211
1662838134
1579554289
1143108019
3762508668
4217823337
2828794225
672274575
1897881570
1667928255
1479710617
3022747657
410606774
1148668344
1594433368
1553229197
2116587085
3092064993
880041671
1037432428
1946937375
2497310700
373813898
3836325562
3035347254
142845797
20482995
4046751835
2265419136
3115271334
4263431994
1501779858
2186492476
3971788785
3435323088
3772029739
3418579717
3448846152
424399585
1945453236
1533453177
1957796656
1030709357
2872926378
406360199
2504242296
1689012677
228591341
84023001
2100386539
3435500153
1288160537
1002536886
2801031576
3540874944
3338802003
4001585964
3896524250
1474968964
809111106
1725002424
964331792
4256431365
379632058
1633674704
3463745045
1227082842
3390972148
2933344697
3589478518
490106028
1106434932
635926179
1572937383
352014969
100507314
1980063328
3855375712
976461944
3263848155
3559628662
48700457
864915375
2170787784
45097015
3669470190
178239790
1261878174
3624898551
2584360754
3849808699
1835867182
2725910642
4149598526
3941437134
1651300865
2662673237
2649179352
3677538772
351597143
2101741581
3978860328
2310244745
3391254912
671132137
4043500665
4123582382
2943649102
3649513353
1432809931
2737381432
265947115
628338428
3633198796
1709802245
